15 0.176823 0.670370 0.033854 0.098148
15 0.505990 0.769444 0.049479 0.062963
15 0.680469 0.826852 0.068229 0.064815
15 0.016146 0.547222 0.025000 0.090741
15 0.102604 0.634722 0.022917 0.076852
15 0.137500 0.721296 0.038542 0.072222
15 0.767969 0.950000 0.054688 0.072222
15 0.354167 0.151852 0.011458 0.024074
15 0.152865 0.561111 0.027604 0.066667
15 0.221094 0.616667 0.040104 0.153704
15 0.249479 0.757407 0.030208 0.101852
15 0.542708 0.887963 0.015625 0.035185
15 0.582031 0.736574 0.027604 0.045370
15 0.099479 0.438889 0.016667 0.027778
16 0.526563 0.952778 0.072917 0.068519
16 0.831510 0.566667 0.159896 0.164815
16 0.442969 0.664815 0.133854 0.127778
16 0.087240 0.108333 0.089063 0.151852
16 0.723437 0.256019 0.111458 0.165741
16 0.959115 0.285648 0.061979 0.282407
16 0.917969 0.829167 0.096354 0.139815
16 0.900521 0.944907 0.050000 0.069444
16 0.203646 0.833796 0.039583 0.165741
16 0.294010 0.366204 0.173437 0.143519
16 0.282031 0.534722 0.042188 0.097222
16 0.416406 0.528241 0.100521 0.110185
16 0.599740 0.547685 0.117188 0.115741
16 0.437240 0.176852 0.085938 0.138889
16 0.580469 0.102778 0.044271 0.092593
16 0.590365 0.314352 0.076563 0.128704
16 0.807552 0.088426 0.074479 0.102778
16 0.950260 0.579167 0.040104 0.136111
16 0.063542 0.406944 0.044792 0.113889
16 0.144271 0.441667 0.027083 0.059259
16 0.104427 0.293981 0.024479 0.028704
16 0.452865 0.347222 0.071354 0.118519
18 0.052865 0.833796 0.102604 0.262037
18 0.329427 0.956944 0.147396 0.069444
18 0.170052 0.968981 0.072396 0.039815
18 0.747396 0.789352 0.022917 0.060185
18 0.691927 0.050000 0.029687 0.048148
18 0.984375 0.702778 0.011458 0.022222
18 0.025260 0.668981 0.043229 0.056481
18 0.263281 0.870370 0.036979 0.070370
17 0.491667 0.046759 0.013542 0.076852
17 0.146615 0.843519 0.027604 0.124074
17 0.806771 0.273611 0.020833 0.239815
17 0.556771 0.732870 0.012500 0.154630
17 0.734375 0.710185 0.075000 0.059259
17 0.609896 0.963426 0.040625 0.045370
17 0.047396 0.312037 0.016667 0.040741
17 0.180729 0.571296 0.015625 0.037037
17 0.552344 0.724537 0.015104 0.093519
17 0.979948 0.488426 0.024479 0.034259
17 0.975521 0.959722 0.028125 0.052778
16 0.024479 0.050926 0.020833 0.029630
16 0.555990 0.025463 0.015104 0.036111
16 0.719010 0.410185 0.014063 0.020370
16 0.717187 0.772222 0.017708 0.033333
16 0.844531 0.385185 0.029687 0.035185
16 0.434896 0.970370 0.020833 0.033333
17 0.683594 0.927315 0.076563 0.100926
17 0.714583 0.520370 0.057292 0.103704
17 0.315885 0.649074 0.043229 0.092593
18 0.511198 0.281019 0.032813 0.049074
17 0.373437 0.075463 0.050000 0.086111
17 0.734375 0.038889 0.025000 0.066667
17 0.684115 0.138889 0.102604 0.064815
17 0.586198 0.210185 0.045312 0.057407
17 0.946354 0.069444 0.104167 0.118519
17 0.877604 0.214815 0.060417 0.114815
17 0.824479 0.950926 0.020833 0.057407
17 0.459115 0.902315 0.058854 0.076852
17 0.309115 0.865278 0.047396 0.071296
17 0.389323 0.857870 0.042188 0.050926
17 0.019531 0.273148 0.018229 0.103704
17 0.023698 0.171296 0.022396 0.092593
17 0.174740 0.109259 0.080729 0.105556
17 0.261979 0.238426 0.118750 0.082407
17 0.277865 0.094907 0.089063 0.152778
17 0.171615 0.034722 0.047396 0.026852
17 0.178906 0.441204 0.029687 0.060185
17 0.521094 0.348611 0.034896 0.067593
18 0.498958 0.139352 0.017708 0.050926
18 0.496354 0.833333 0.025000 0.050000
18 0.616927 0.825926 0.035937 0.053704
18 0.587760 0.905093 0.022396 0.049074
18 0.786458 0.399074 0.010417 0.033333
18 0.867188 0.081481 0.019792 0.090741
18 0.830729 0.254630 0.013542 0.088889
18 0.767188 0.100463 0.015625 0.034259
18 0.338542 0.154630 0.007292 0.050000
18 0.163542 0.363426 0.018750 0.050926
18 0.016406 0.374537 0.009896 0.050926
17 0.013281 0.434259 0.023438 0.074074
17 0.825521 0.827315 0.072917 0.143519
18 0.759635 0.844907 0.048438 0.050926
15 0.546354 0.429167 0.040625 0.052778
15 0.532292 0.178704 0.030208 0.103704
15 0.876302 0.713426 0.090104 0.049074
16 0.618490 0.912500 0.016146 0.028704
16 0.369792 0.007870 0.022917 0.013889
16 0.034115 0.014815 0.016146 0.025926
16 0.117969 0.880093 0.017188 0.169444
16 0.664323 0.085185 0.016146 0.031481
16 0.919531 0.049074 0.016146 0.037037
16 0.066146 0.684259 0.027083 0.022222
16 0.412500 0.017130 0.011458 0.017593
16 0.773698 0.364352 0.016146 0.028704
16 0.351042 0.532407 0.019792 0.038889
16 0.619010 0.706944 0.017188 0.049074
17 0.599740 0.688889 0.016146 0.035185
16 0.743490 0.660185 0.016146 0.031481
16 0.106250 0.387500 0.017708 0.021296
16 0.036198 0.570833 0.007812 0.041667
16 0.055729 0.612500 0.018750 0.052778
15 0.081771 0.637500 0.018750 0.050926
15 0.025521 0.622685 0.031250 0.030556
15 0.118229 0.447685 0.012500 0.047222
15 0.485156 0.536111 0.020313 0.050000
16 0.653125 0.014815 0.020833 0.027778
15 0.455469 0.067593 0.036979 0.070370
15 0.071875 0.241204 0.045833 0.065741
15 0.120833 0.239352 0.032292 0.062037
15 0.232292 0.474074 0.034375 0.055556
15 0.632812 0.450000 0.036458 0.059259
18 0.612240 0.406944 0.014063 0.034259
18 0.519792 0.056944 0.017708 0.086111
