15 0.167448 0.728241 0.061979 0.121296
15 0.228906 0.643981 0.033854 0.115741
15 0.020313 0.571759 0.027083 0.110185
15 0.721615 0.857870 0.095312 0.080556
15 0.807552 0.957870 0.058854 0.062037
15 0.839583 0.895370 0.044792 0.042593
15 0.111979 0.655556 0.030208 0.079630
15 0.266146 0.771296 0.053125 0.125926
15 0.537760 0.785648 0.043229 0.062037
15 0.611458 0.744444 0.034375 0.070370
15 0.566927 0.905556 0.024479 0.048148
15 0.377865 0.155556 0.026562 0.057407
15 0.496615 0.462037 0.022396 0.035185
15 0.112500 0.454630 0.015625 0.024074
16 0.906771 0.575463 0.176042 0.217593
16 0.910937 0.739352 0.137500 0.121296
16 0.946094 0.942593 0.098437 0.083333
16 0.778385 0.242593 0.142187 0.183333
16 0.865104 0.074537 0.105208 0.097222
16 0.966406 0.265741 0.059896 0.259259
16 0.633333 0.564815 0.119792 0.142593
16 0.221875 0.913889 0.065625 0.061111
16 0.476042 0.664815 0.144792 0.146296
16 0.203125 0.116667 0.135417 0.103704
16 0.283854 0.331019 0.108333 0.200926
16 0.306510 0.475000 0.106771 0.094444
16 0.037760 0.140741 0.054688 0.092593
16 0.050000 0.264815 0.071875 0.068519
16 0.083854 0.451852 0.053125 0.129630
16 0.434896 0.231481 0.053125 0.342593
16 0.527344 0.178704 0.094271 0.116667
16 0.631510 0.306019 0.071354 0.156481
16 0.521615 0.383796 0.028646 0.080556
16 0.547656 0.975000 0.100521 0.037037
16 0.309115 0.762500 0.017188 0.028704
16 0.154427 0.460185 0.035937 0.044444
16 0.212500 0.464815 0.034375 0.057407
16 0.772656 0.530093 0.067187 0.123148
16 0.327604 0.083333 0.042708 0.114815
16 0.097917 0.057870 0.026042 0.076852
16 0.372917 0.336574 0.047917 0.087963
16 0.367969 0.689815 0.057813 0.103704
16 0.681771 0.756481 0.020833 0.050000
17 0.041146 0.833333 0.075000 0.298148
17 0.107031 0.866667 0.044271 0.209259
17 0.359896 0.980093 0.131250 0.036111
16 0.333594 0.892130 0.034896 0.030556
17 0.779167 0.795833 0.032292 0.041667
17 0.732812 0.035185 0.037500 0.059259
17 0.630729 0.436574 0.004167 0.032407
18 0.743750 0.695370 0.023958 0.162963
18 0.158854 0.879630 0.037500 0.164815
18 0.023177 0.383333 0.013021 0.033333
18 0.055469 0.325926 0.010937 0.046296
18 0.841667 0.386111 0.043750 0.059259
18 0.806250 0.851389 0.034375 0.019444
18 0.537760 0.056019 0.047396 0.110185
18 0.868750 0.207870 0.031250 0.123148
18 0.579427 0.752778 0.019271 0.150000
18 0.195573 0.591204 0.016146 0.032407
18 0.108333 0.558796 0.025000 0.043519
15 0.162240 0.579630 0.035937 0.072222
16 0.292448 0.584259 0.028646 0.046296
15 0.317188 0.633796 0.016667 0.008333
18 0.970833 0.049074 0.038542 0.081481
18 0.222917 0.032407 0.108333 0.048148
18 0.121094 0.253704 0.048438 0.116667
18 0.195573 0.293519 0.073438 0.077778
18 0.193229 0.212963 0.045833 0.066667
18 0.470833 0.915278 0.045833 0.073148
18 0.716667 0.938426 0.058333 0.113889
18 0.469010 0.531019 0.069271 0.063889
18 0.661198 0.452778 0.059896 0.035185
18 0.692448 0.356019 0.036979 0.062037
18 0.776042 0.405093 0.053125 0.087963
18 0.787240 0.031944 0.030729 0.052778
18 0.633854 0.060648 0.096875 0.119444
18 0.489583 0.064815 0.043750 0.070370
18 0.380208 0.047222 0.038542 0.083333
18 0.307292 0.193056 0.070833 0.071296
18 0.399740 0.493981 0.067187 0.165741
18 0.431250 0.804630 0.087500 0.077778
18 0.405469 0.893056 0.055729 0.076852
17 0.718750 0.684722 0.028125 0.065741
17 0.779687 0.722222 0.038542 0.079630
17 0.814063 0.659722 0.032292 0.076852
17 0.619271 0.909259 0.032292 0.044444
17 0.650000 0.843519 0.044792 0.040741
17 0.129948 0.508333 0.016146 0.035185
17 0.171354 0.381481 0.021875 0.046296
17 0.125781 0.391667 0.029687 0.048148
17 0.907552 0.177315 0.030729 0.062037
17 0.934635 0.059722 0.023438 0.067593
17 0.563802 0.479630 0.023438 0.048148
17 0.559115 0.267130 0.028646 0.060185
17 0.502344 0.304167 0.015104 0.041667
17 0.072135 0.321759 0.017188 0.019444
17 0.520312 0.856481 0.033333 0.066667
17 0.718750 0.603241 0.023958 0.056481
16 0.031250 0.053241 0.032292 0.050926
16 0.039844 0.011111 0.020313 0.020370
16 0.574479 0.035185 0.014583 0.037037
16 0.439844 0.018981 0.025521 0.026852
16 0.702344 0.082870 0.024479 0.043519
16 0.769010 0.069444 0.017188 0.012963
16 0.889323 0.385185 0.027604 0.031481
18 0.917448 0.564352 0.165104 0.195370
18 0.917448 0.446296 0.088021 0.035185
18 0.902865 0.329630 0.034896 0.061111
18 0.926562 0.856019 0.109375 0.086111
18 0.030729 0.460648 0.058333 0.050926
18 0.097656 0.147685 0.045312 0.067593
