15 0.190104 0.759259 0.057292 0.079630
15 0.241146 0.683333 0.071875 0.046296
15 0.268229 0.603241 0.037500 0.078704
15 0.036979 0.563889 0.031250 0.105556
15 0.137240 0.456019 0.016146 0.028704
15 0.302865 0.788889 0.058854 0.127778
15 0.821094 0.923148 0.126562 0.118519
15 0.609896 0.850000 0.038542 0.053704
15 0.642188 0.956481 0.033333 0.068519
15 0.445573 0.143519 0.031771 0.059259
15 0.523698 0.673611 0.031771 0.049074
15 0.958333 0.958333 0.045833 0.066667
15 0.139063 0.669444 0.032292 0.092593
15 0.188802 0.572222 0.039062 0.087037
15 0.234635 0.543981 0.017188 0.052778
15 0.364063 0.635648 0.020833 0.017593
15 0.491927 0.932407 0.035937 0.046296
15 0.684896 0.775926 0.027083 0.094444
18 0.942708 0.275000 0.089583 0.211111
16 0.591667 0.155556 0.098958 0.225926
16 0.074740 0.237037 0.074479 0.111111
16 0.085156 0.112500 0.097396 0.102778
16 0.225260 0.115741 0.107813 0.088889
16 0.225521 0.256019 0.117708 0.104630
16 0.350260 0.181019 0.114062 0.195370
16 0.139063 0.027315 0.129167 0.030556
16 0.386719 0.390278 0.134896 0.139815
16 0.495312 0.502778 0.052083 0.103704
16 0.261979 0.936111 0.052083 0.096296
16 0.248958 0.834259 0.038542 0.079630
16 0.444271 0.772685 0.077083 0.206481
16 0.364844 0.924537 0.049479 0.075000
18 0.595833 0.719907 0.078125 0.171296
16 0.726562 0.628241 0.137500 0.165741
16 0.571615 0.406019 0.068229 0.095370
16 0.533594 0.150000 0.121354 0.196296
16 0.633854 0.169444 0.044792 0.174074
16 0.777083 0.072685 0.088542 0.099074
18 0.766146 0.306944 0.085417 0.165741
18 0.963802 0.043056 0.044271 0.036111
16 0.830469 0.972222 0.063021 0.042593
16 0.053906 0.022222 0.045312 0.042593
16 0.938542 0.556944 0.105208 0.141667
16 0.698438 0.426852 0.034375 0.133333
16 0.499740 0.604167 0.042188 0.045370
16 0.052083 0.460648 0.071875 0.054630
16 0.016667 0.163426 0.032292 0.271296
16 0.278646 0.478241 0.072917 0.086111
16 0.351302 0.575000 0.051562 0.070370
16 0.601302 0.510648 0.033854 0.056481
16 0.696354 0.178704 0.038542 0.087037
17 0.061458 0.840278 0.110417 0.319444
17 0.138021 0.892130 0.021875 0.176852
17 0.313281 0.944444 0.030729 0.079630
17 0.883333 0.837963 0.027083 0.033333
17 0.896875 0.039815 0.025000 0.042593
17 0.662240 0.510648 0.027604 0.030556
17 0.059896 0.584259 0.000000 0.037037
17 0.084635 0.636574 0.009896 0.030556
17 0.376563 0.692130 0.006250 0.032407
17 0.737500 0.956019 0.018750 0.043519
18 0.728125 0.906944 0.061458 0.026852
18 0.692969 0.055093 0.060937 0.086111
18 0.182031 0.899537 0.030729 0.143519
18 0.146875 0.751852 0.019792 0.033333
18 0.039323 0.368519 0.016146 0.042593
18 0.148698 0.543519 0.035937 0.066667
18 0.847396 0.737037 0.050000 0.209259
17 0.921615 0.749074 0.059896 0.140741
17 0.914323 0.897222 0.024479 0.033333
18 0.963542 0.094907 0.032292 0.045370
18 0.207552 0.433333 0.022396 0.044444
18 0.672396 0.311111 0.022917 0.087037
18 0.597656 0.308796 0.016146 0.058333
18 0.658073 0.818981 0.016146 0.106481
18 0.960677 0.438426 0.026562 0.050926
18 0.692708 0.968981 0.020833 0.049074
18 0.857552 0.261574 0.055729 0.145370
18 0.838281 0.546296 0.059896 0.059259
18 0.853385 0.411111 0.047396 0.101852
18 0.440625 0.038889 0.039583 0.061111
18 0.179948 0.449537 0.044271 0.050926
18 0.428125 0.720370 0.052083 0.151852
18 0.512760 0.773148 0.055729 0.096296
18 0.544271 0.957870 0.053125 0.065741
16 0.434115 0.975463 0.076563 0.049074
16 0.386458 0.819444 0.023958 0.031481
16 0.865625 0.033333 0.025000 0.050000
16 0.368750 0.981944 0.032292 0.026852
16 0.216406 0.924537 0.016146 0.062037
16 0.453125 0.625000 0.027083 0.038889
16 0.407031 0.560185 0.017188 0.029630
18 0.248177 0.033333 0.056771 0.042593
18 0.355469 0.036574 0.105729 0.069444
18 0.496354 0.313426 0.044792 0.060185
18 0.873177 0.123611 0.040104 0.047222
18 0.798698 0.816204 0.054688 0.089815
