15 0.063542 0.607870 0.030208 0.136111
15 0.176823 0.717593 0.041146 0.074074
15 0.247135 0.800463 0.059896 0.139815
15 0.314323 0.704630 0.048438 0.150000
15 0.361719 0.846759 0.060937 0.126852
15 0.182031 0.493981 0.026562 0.054630
15 0.618490 0.785648 0.046354 0.154630
15 0.523958 0.174537 0.018750 0.054630
15 0.922135 0.950463 0.118229 0.099074
17 0.023177 0.783796 0.035937 0.397222
17 0.102604 0.845833 0.095833 0.286111
17 0.459635 0.777315 0.048438 0.123148
17 0.366927 0.966667 0.035937 0.057407
17 0.679948 0.556944 0.027604 0.043519
17 0.977344 0.806944 0.015104 0.082407
17 0.840104 0.913889 0.012500 0.038889
17 0.513542 0.668056 0.027083 0.045370
17 0.093750 0.019907 0.020833 0.025000
17 0.434896 0.893056 0.020833 0.063889
18 0.193750 0.885185 0.050000 0.201852
18 0.747135 0.497222 0.042188 0.392593
18 0.829948 0.106481 0.040104 0.196296
18 0.967448 0.702315 0.049479 0.084259
18 0.731510 0.963426 0.035937 0.054630
18 0.060417 0.410185 0.028125 0.059259
18 0.188021 0.613889 0.038542 0.096296
15 0.235417 0.630556 0.038542 0.094444
18 0.808333 0.324537 0.028125 0.060185
16 0.935937 0.102778 0.092708 0.153704
16 0.935417 0.336111 0.096875 0.246296
16 0.851302 0.711574 0.159896 0.215741
16 0.705729 0.812500 0.102083 0.212037
16 0.545573 0.862037 0.080729 0.205556
16 0.415104 0.165741 0.182292 0.270370
16 0.243229 0.159722 0.145833 0.234259
16 0.414323 0.416204 0.151562 0.097222
16 0.410156 0.600926 0.060937 0.194444
16 0.311458 0.924074 0.042708 0.151852
16 0.738021 0.152315 0.116667 0.236111
16 0.636979 0.188889 0.080208 0.287037
16 0.678906 0.445370 0.081771 0.164815
16 0.559635 0.478704 0.121354 0.262963
16 0.590365 0.681481 0.081771 0.068519
16 0.088281 0.143519 0.091146 0.116667
16 0.016667 0.223611 0.032292 0.228704
16 0.119271 0.299074 0.089583 0.092593
16 0.025260 0.404630 0.024479 0.053704
16 0.057813 0.511111 0.040625 0.057407
16 0.232031 0.514815 0.059896 0.061111
16 0.244010 0.370370 0.088021 0.148148
16 0.319531 0.520370 0.053646 0.090741
16 0.132812 0.522685 0.064583 0.104630
