15 0.066406 0.616667 0.043229 0.140741
15 0.188021 0.500463 0.028125 0.045370
15 0.178385 0.726852 0.041146 0.096296
15 0.234115 0.634259 0.035937 0.092593
15 0.312760 0.666667 0.076563 0.175926
15 0.245833 0.817130 0.052083 0.154630
15 0.360417 0.850463 0.060417 0.154630
15 0.943229 0.962500 0.100000 0.071296
15 0.629948 0.789352 0.068229 0.169444
15 0.533594 0.181019 0.034896 0.076852
18 0.757292 0.368981 0.051042 0.145370
18 0.847135 0.098148 0.044271 0.194444
18 0.763542 0.606481 0.028125 0.164815
18 0.417969 0.763426 0.022396 0.086111
18 0.188542 0.887963 0.059375 0.198148
18 0.861458 0.954167 0.043750 0.075000
18 0.709375 0.966667 0.104167 0.061111
18 0.279427 0.513889 0.034896 0.085185
18 0.064323 0.409259 0.030729 0.079630
18 0.980469 0.729167 0.035937 0.145370
17 0.082812 0.847222 0.137500 0.277778
17 0.021354 0.620833 0.037500 0.087963
17 0.474479 0.775926 0.051042 0.112963
17 0.370573 0.956944 0.035937 0.060185
17 0.689323 0.558333 0.041146 0.037037
17 0.849219 0.888426 0.018229 0.025000
17 0.115625 0.671296 0.042708 0.038889
17 0.527604 0.667130 0.039583 0.049074
16 0.438802 0.184722 0.147396 0.295370
16 0.557031 0.414815 0.101562 0.148148
16 0.608073 0.581019 0.094271 0.128704
16 0.673698 0.335648 0.104688 0.363889
16 0.874740 0.731019 0.158854 0.243519
16 0.729688 0.826852 0.104167 0.225926
16 0.938281 0.269907 0.105729 0.458333
16 0.849219 0.442130 0.070312 0.167593
16 0.310156 0.206019 0.101562 0.250926
16 0.286979 0.043981 0.059375 0.037963
16 0.181250 0.146759 0.134375 0.260185
16 0.061458 0.134722 0.103125 0.125000
16 0.070573 0.302315 0.075521 0.112037
16 0.019010 0.341667 0.022396 0.161111
16 0.060417 0.506019 0.042708 0.049074
16 0.233594 0.509259 0.022396 0.046296
16 0.413021 0.469444 0.143750 0.200000
16 0.421354 0.654167 0.068750 0.084259
16 0.555469 0.866204 0.068229 0.178704
16 0.445312 0.980093 0.059375 0.023148
