15 0.087760 0.638889 0.043229 0.140741
15 0.234375 0.530093 0.028125 0.045370
15 0.231510 0.751852 0.041146 0.096296
15 0.277865 0.668519 0.035937 0.092593
15 0.358073 0.756481 0.076563 0.175926
15 0.288281 0.870370 0.052604 0.179630
15 0.427604 0.890278 0.060417 0.154630
15 0.943229 0.962500 0.100000 0.071296
15 0.763281 0.801389 0.053646 0.132407
15 0.653385 0.199537 0.023438 0.050926
18 0.751042 0.369907 0.051042 0.145370
18 0.838281 0.091667 0.061979 0.181481
18 0.759375 0.618056 0.059375 0.176852
18 0.415885 0.679167 0.022396 0.086111
18 0.226823 0.914815 0.040104 0.170370
16 0.778125 0.961111 0.035417 0.053704
18 0.976562 0.566667 0.028125 0.185185
18 0.236979 0.634259 0.035417 0.085185
18 0.045833 0.354167 0.030208 0.132407
18 0.909115 0.676389 0.035937 0.145370
17 0.093490 0.844907 0.170313 0.275000
17 0.034635 0.647685 0.060937 0.104630
17 0.559375 0.835185 0.051042 0.112963
17 0.370573 0.956944 0.035937 0.060185
17 0.689323 0.558333 0.041146 0.037037
17 0.942187 0.633796 0.020833 0.021296
17 0.134896 0.680556 0.042708 0.038889
17 0.601562 0.713889 0.076042 0.051852
16 0.445052 0.158333 0.147396 0.296296
16 0.557031 0.414815 0.101562 0.148148
16 0.608073 0.581019 0.094271 0.128704
16 0.640365 0.419444 0.067187 0.222222
16 0.888281 0.819907 0.119271 0.089815
16 0.909896 0.157407 0.059375 0.296296
16 0.832031 0.335648 0.070312 0.167593
16 0.311198 0.206019 0.101562 0.250926
16 0.303125 0.032870 0.059375 0.037963
16 0.181250 0.146759 0.134375 0.260185
16 0.051823 0.084722 0.102604 0.125000
16 0.052865 0.212500 0.096354 0.119444
16 0.014844 0.338889 0.022396 0.161111
16 0.021615 0.483796 0.042188 0.049074
16 0.291406 0.552315 0.035937 0.052778
16 0.413021 0.469444 0.143750 0.200000
16 0.652604 0.436111 0.065625 0.090741
16 0.699479 0.929167 0.060417 0.141667
16 0.445312 0.980093 0.059375 0.023148
15 0.444010 0.673611 0.029687 0.078704
15 0.807031 0.897222 0.014063 0.033333
15 0.689583 0.358796 0.014583 0.039815
16 0.867969 0.522685 0.100521 0.117593
18 0.924479 0.435185 0.018750 0.105556
18 0.091927 0.438889 0.024479 0.059259
18 0.734375 0.029630 0.057292 0.044444
17 0.745573 0.086111 0.022396 0.027778
17 0.665625 0.807870 0.018750 0.043519
17 0.191927 0.902778 0.016146 0.166667
16 0.589323 0.197685 0.086979 0.206481
16 0.194271 0.499537 0.047917 0.100926
16 0.194792 0.325463 0.044792 0.052778
16 0.143750 0.568981 0.018750 0.060185
16 0.091927 0.529167 0.029687 0.045370
16 0.045052 0.559722 0.024479 0.050926
16 0.858333 0.938889 0.042708 0.081481
16 0.978646 0.211574 0.017708 0.143519
18 0.985677 0.378704 0.010937 0.140741
16 0.270573 0.400463 0.052604 0.049074
