15 0.096615 0.660648 0.048438 0.119444
15 0.234375 0.778241 0.039583 0.099074
15 0.303125 0.881019 0.078125 0.078704
15 0.285156 0.669907 0.042188 0.099074
15 0.239063 0.532407 0.035417 0.048148
15 0.366146 0.798611 0.084375 0.063889
15 0.397917 0.719907 0.040625 0.078704
15 0.340104 0.644907 0.044792 0.084259
15 0.769010 0.840278 0.067187 0.130556
15 0.717187 0.359259 0.014583 0.055556
15 0.666927 0.194444 0.030729 0.072222
17 0.036198 0.803241 0.067187 0.375000
17 0.128646 0.866667 0.097917 0.248148
17 0.619792 0.742130 0.080208 0.065741
17 0.581250 0.845370 0.023958 0.083333
17 0.539583 0.884722 0.052083 0.050926
17 0.493750 0.977778 0.050000 0.022222
17 0.961458 0.649537 0.014583 0.030556
18 0.927865 0.698148 0.024479 0.153704
18 0.940104 0.453241 0.037500 0.136111
18 0.227344 0.908796 0.064062 0.156481
18 0.979427 0.641667 0.023438 0.055556
18 0.752344 0.037500 0.065104 0.067593
18 0.809635 0.169444 0.028646 0.033333
18 0.166927 0.481944 0.021354 0.075000
18 0.100260 0.460648 0.030729 0.089815
18 0.285417 0.482870 0.027083 0.037963
18 0.241406 0.629630 0.033854 0.070370
18 0.345052 0.731019 0.032813 0.034259
18 0.373437 0.646296 0.014583 0.024074
18 0.138281 0.632870 0.016146 0.034259
16 0.648958 0.087500 0.327083 0.008333
16 0.609375 0.048611 0.203125 0.050926
16 0.363542 0.073611 0.235417 0.097222
16 0.382812 0.193056 0.133333 0.065741
16 0.498958 0.296759 0.188542 0.110185
16 0.555990 0.194444 0.131771 0.094444
16 0.042969 0.113426 0.066146 0.141667
16 0.034375 0.272222 0.053125 0.124074
16 0.023958 0.477315 0.037500 0.062037
16 0.570052 0.464352 0.296354 0.136111
16 0.506250 0.609722 0.057292 0.104630
16 0.512240 0.725000 0.074479 0.092593
16 0.468750 0.812500 0.052083 0.069444
16 0.642708 0.884259 0.064583 0.142593
16 0.758073 0.687963 0.183854 0.151852
16 0.924219 0.900000 0.131771 0.164815
16 0.728906 0.945833 0.041146 0.080556
16 0.331250 0.962963 0.050000 0.022222
16 0.250000 0.197222 0.110417 0.137037
16 0.179948 0.319444 0.089063 0.090741
16 0.087500 0.266667 0.058333 0.081481
16 0.156771 0.577778 0.044792 0.042593
16 0.121094 0.150000 0.080729 0.090741
15 0.452865 0.681019 0.030729 0.073148
15 0.436719 0.911574 0.061979 0.167593
16 0.852604 0.318981 0.117708 0.225000
16 0.910677 0.113426 0.153646 0.154630
16 0.870833 0.536111 0.055208 0.103704
16 0.967708 0.293519 0.037500 0.081481
