15 0.119792 0.661111 0.043750 0.161111
15 0.265885 0.786111 0.042188 0.092593
15 0.285938 0.550000 0.038542 0.070370
15 0.319792 0.687037 0.040625 0.105556
15 0.335938 0.907407 0.105208 0.101852
15 0.424219 0.808333 0.096354 0.111111
15 0.423177 0.708796 0.072396 0.091667
15 0.854167 0.882870 0.076042 0.065741
15 0.786979 0.934722 0.060417 0.032407
15 0.918490 0.960185 0.023438 0.053704
17 0.048698 0.800463 0.092188 0.380556
17 0.140365 0.862037 0.072396 0.246296
17 0.688021 0.762963 0.117708 0.077778
17 0.611458 0.886574 0.111458 0.067593
17 0.859635 0.097222 0.034896 0.055556
17 0.032031 0.587963 0.033854 0.022222
17 0.379688 0.455556 0.005208 0.022222
17 0.763802 0.866204 0.035937 0.063889
18 0.223698 0.854630 0.072396 0.220370
18 0.876823 0.051389 0.024479 0.100926
18 0.313802 0.486574 0.049479 0.052778
18 0.154948 0.627778 0.035937 0.070370
18 0.010417 0.128241 0.019792 0.076852
18 0.370833 0.514352 0.046875 0.063889
18 0.466927 0.707870 0.016146 0.063889
18 0.758594 0.018981 0.019271 0.026852
18 0.538281 0.150463 0.024479 0.054630
18 0.966146 0.255556 0.057292 0.429630
18 0.904167 0.709259 0.084375 0.172222
15 0.973437 0.646296 0.039583 0.064815
15 0.905990 0.700463 0.068229 0.167593
15 0.964063 0.910648 0.059375 0.173148
16 0.756771 0.174537 0.134375 0.267593
16 0.782292 0.520370 0.144792 0.275926
16 0.917969 0.379630 0.153646 0.164815
17 0.840365 0.230556 0.010937 0.035185
17 0.803125 0.741204 0.090625 0.165741
16 0.631510 0.200000 0.104688 0.325926
16 0.644010 0.489815 0.130729 0.203704
16 0.467187 0.120370 0.107292 0.216667
16 0.499740 0.313426 0.146354 0.125000
16 0.473438 0.443519 0.169792 0.100000
16 0.550781 0.609722 0.034896 0.176852
16 0.038021 0.349537 0.065625 0.291667
16 0.090104 0.391204 0.020833 0.084259
16 0.345052 0.123148 0.126562 0.218519
16 0.351302 0.298148 0.126562 0.103704
16 0.233594 0.183333 0.089063 0.324074
16 0.060417 0.025463 0.119792 0.036111
16 0.070312 0.115278 0.051042 0.121296
16 0.110156 0.532870 0.035937 0.065741
16 0.242188 0.517130 0.039583 0.080556
16 0.215365 0.602315 0.041146 0.063889
16 0.359896 0.590741 0.042708 0.055556
16 0.568229 0.759259 0.087500 0.083333
16 0.518490 0.843519 0.047396 0.066667
16 0.864323 0.968519 0.054688 0.046296
16 0.707812 0.908333 0.056250 0.138889
16 0.472917 0.597685 0.077083 0.086111
16 0.642188 0.648148 0.130208 0.085185
18 0.159115 0.192130 0.009896 0.041667
18 0.120573 0.262500 0.056771 0.089815
15 0.503125 0.712963 0.031250 0.079630
15 0.477604 0.933796 0.064583 0.119444
17 0.903125 0.066204 0.014583 0.041667
16 0.328906 0.780556 0.054688 0.050000
16 0.552083 0.039815 0.030208 0.033333
16 0.146094 0.108333 0.068229 0.072222
17 0.161458 0.022222 0.017708 0.029630
16 0.061979 0.549074 0.032292 0.050000
18 0.236458 0.378704 0.018750 0.048148
18 0.372656 0.518519 0.035937 0.072222
18 0.924740 0.198148 0.025521 0.059259
18 0.265625 0.961111 0.022917 0.072222
16 0.537240 0.952315 0.027604 0.067593
16 0.911458 0.850463 0.039583 0.097222
16 0.926823 0.548611 0.061979 0.110185
16 0.161979 0.479630 0.018750 0.111111
