15 0.135417 0.680556 0.042708 0.153704
15 0.291667 0.824074 0.039583 0.114815
15 0.312240 0.564352 0.035937 0.073148
15 0.320052 0.662500 0.024479 0.078704
15 0.349219 0.731019 0.028646 0.104630
15 0.386458 0.681944 0.018750 0.063889
15 0.418750 0.723148 0.026042 0.068519
15 0.471875 0.801852 0.045833 0.246296
15 0.417708 0.851852 0.053125 0.081481
15 0.363021 0.934259 0.092708 0.092593
15 0.523177 0.938426 0.043229 0.097222
15 0.930990 0.939352 0.068229 0.095370
15 0.847135 0.965741 0.074479 0.055556
18 0.950260 0.055093 0.017188 0.095370
18 0.168229 0.624074 0.031250 0.090741
18 0.338802 0.505093 0.034896 0.041667
18 0.394531 0.489352 0.007812 0.067593
18 0.408854 0.557870 0.006250 0.086111
18 0.151562 0.516204 0.017708 0.063889
18 0.503906 0.729167 0.007812 0.087963
18 0.008333 0.356481 0.015625 0.079630
18 0.016667 0.690278 0.032292 0.178704
18 0.251042 0.836574 0.044792 0.136111
18 0.269271 0.953704 0.066667 0.074074
18 0.289844 0.645833 0.021354 0.041667
18 0.016667 0.117130 0.012500 0.028704
18 0.450521 0.293519 0.010417 0.037037
18 0.576823 0.160648 0.017188 0.050926
15 0.547656 0.727778 0.066146 0.103704
15 0.222396 0.499537 0.025000 0.039815
16 0.833594 0.102778 0.144271 0.188889
16 0.700781 0.201389 0.119271 0.263889
16 0.817969 0.291204 0.100521 0.137963
16 0.803906 0.559722 0.210938 0.226852
16 0.953906 0.382870 0.079687 0.308333
16 0.878906 0.769444 0.134896 0.183333
16 0.498698 0.122222 0.121354 0.233333
16 0.575521 0.313889 0.121875 0.140741
15 0.548958 0.430093 0.145833 0.126852
16 0.622656 0.633796 0.094271 0.176852
16 0.636198 0.643056 0.094271 0.176852
16 0.699219 0.221759 0.105729 0.286111
16 0.977604 0.765278 0.032292 0.143519
16 0.959896 0.417593 0.064583 0.229630
16 0.973698 0.165278 0.042188 0.076852
16 0.124219 0.548611 0.024479 0.050926
16 0.077083 0.585185 0.052083 0.057407
16 0.091146 0.410185 0.058333 0.098148
16 0.378906 0.067130 0.091146 0.125000
16 0.366406 0.207407 0.120313 0.151852
16 0.416406 0.332870 0.068229 0.054630
16 0.288281 0.152778 0.029687 0.253704
16 0.227604 0.193056 0.038542 0.078704
16 0.257552 0.331019 0.097396 0.082407
16 0.154167 0.319444 0.037500 0.138889
16 0.267969 0.534259 0.042188 0.103704
16 0.214844 0.621759 0.047396 0.073148
16 0.628385 0.797222 0.055729 0.070370
16 0.758594 0.923148 0.057813 0.092593
16 0.445052 0.957870 0.021354 0.052778
16 0.058594 0.048611 0.099479 0.076852
16 0.031250 0.225926 0.037500 0.057407
16 0.085417 0.275000 0.026042 0.044444
16 0.042448 0.486574 0.044271 0.078704
16 0.133594 0.167593 0.050521 0.100000
17 0.075000 0.715741 0.071875 0.146296
17 0.116406 0.897222 0.219271 0.200000
17 0.736458 0.795833 0.083333 0.082407
17 0.682813 0.901852 0.056250 0.077778
17 0.616927 0.944907 0.035937 0.039815
17 0.821875 0.904630 0.026042 0.046296
17 0.969531 0.054167 0.010937 0.036111
17 0.922656 0.088889 0.017188 0.035185
17 0.600521 0.014352 0.029167 0.008333
17 0.174219 0.017593 0.035937 0.033333
18 0.091927 0.220370 0.011979 0.014815
18 0.077083 0.134722 0.009375 0.028704
18 0.172656 0.641204 0.015104 0.050926
18 0.266406 0.402778 0.018229 0.070370
18 0.411458 0.560185 0.011458 0.024074
18 0.259375 0.865741 0.032292 0.057407
18 0.319531 0.731944 0.010937 0.028704
18 0.312760 0.307407 0.007812 0.022222
