15 0.958333 0.039815 0.013542 0.062963
15 0.976302 0.095833 0.017188 0.026852
15 0.170052 0.621759 0.024479 0.080556
15 0.010417 0.362963 0.012500 0.083333
15 0.014063 0.676852 0.025000 0.161111
15 0.259375 0.862037 0.034375 0.120370
15 0.287240 0.962500 0.033854 0.075000
15 0.300000 0.650926 0.033333 0.094444
15 0.342708 0.505093 0.037500 0.041667
15 0.413281 0.561574 0.009896 0.049074
15 0.399740 0.487500 0.007812 0.047222
15 0.506510 0.719907 0.016146 0.069444
15 0.329688 0.718981 0.011458 0.067593
15 0.017188 0.120370 0.008333 0.031481
15 0.155990 0.524537 0.014063 0.041667
15 0.267188 0.401389 0.019792 0.067593
15 0.446615 0.396759 0.011979 0.025000
15 0.458333 0.298148 0.011458 0.037037
15 0.582552 0.159722 0.018229 0.049074
15 0.069010 0.692593 0.073438 0.170370
16 0.950260 0.422222 0.092188 0.233333
16 0.849740 0.559259 0.099479 0.303704
16 0.910417 0.801852 0.176042 0.140741
17 0.099219 0.883796 0.191146 0.200926
17 0.216667 0.907407 0.040625 0.162963
17 0.176302 0.734259 0.024479 0.077778
17 0.976302 0.053241 0.011979 0.025000
17 0.183854 0.014352 0.021875 0.021296
17 0.616406 0.146759 0.002604 0.030556
17 0.734896 0.773611 0.092708 0.095370
17 0.689844 0.893981 0.064062 0.100926
17 0.617969 0.946759 0.044271 0.043519
17 0.963021 0.654630 0.038542 0.055556
16 0.522917 0.622222 0.090625 0.103704
16 0.726302 0.567593 0.134896 0.246296
16 0.613021 0.554630 0.084375 0.188889
16 0.627865 0.763889 0.083854 0.150000
16 0.885677 0.033333 0.110937 0.050000
15 0.815104 0.141204 0.142708 0.130556
16 0.804948 0.291204 0.146354 0.143519
16 0.848958 0.545833 0.097917 0.260185
16 0.764062 0.922222 0.066667 0.127778
16 0.681771 0.173148 0.090625 0.224074
16 0.640885 0.370370 0.170313 0.135185
16 0.511198 0.272222 0.083854 0.322222
16 0.537760 0.052778 0.152604 0.094444
16 0.400260 0.112500 0.129688 0.195370
16 0.397917 0.297685 0.097917 0.095370
16 0.367708 0.430093 0.051042 0.063889
16 0.298698 0.140741 0.050521 0.242593
16 0.217969 0.077315 0.045312 0.067593
16 0.235937 0.219444 0.027083 0.083333
16 0.140625 0.229630 0.046875 0.142593
16 0.101302 0.423611 0.041146 0.099074
16 0.129427 0.552315 0.029687 0.056481
16 0.074479 0.566204 0.037500 0.052778
16 0.045573 0.475463 0.043229 0.056481
16 0.035937 0.241667 0.032292 0.053704
16 0.088542 0.277315 0.039583 0.075000
16 0.059375 0.047685 0.083333 0.087963
16 0.118229 0.128241 0.064583 0.032407
16 0.274219 0.536574 0.044271 0.097222
16 0.299479 0.442593 0.018750 0.083333
16 0.194271 0.368056 0.085417 0.099074
18 0.133854 0.676389 0.047917 0.167593
18 0.292708 0.822685 0.046875 0.117593
18 0.316406 0.566667 0.029687 0.068519
18 0.352083 0.719907 0.033333 0.115741
18 0.393490 0.681019 0.024479 0.054630
18 0.415365 0.725463 0.042188 0.095370
18 0.464583 0.711574 0.040625 0.075000
18 0.476823 0.840278 0.074479 0.147222
18 0.410156 0.899074 0.050521 0.138889
18 0.353125 0.934259 0.065625 0.114815
18 0.526563 0.944907 0.065625 0.110185
18 0.852344 0.968056 0.076563 0.063889
18 0.937760 0.937963 0.095312 0.112963
15 0.404427 0.803241 0.007812 0.017593
