15 0.169531 0.710648 0.038021 0.167593
15 0.342448 0.861111 0.052604 0.105556
15 0.366667 0.597685 0.033333 0.082407
15 0.403906 0.765278 0.043229 0.104630
15 0.461719 0.741204 0.054688 0.099074
15 0.523958 0.744907 0.033333 0.073148
15 0.426563 0.967130 0.116667 0.065741
15 0.542188 0.842593 0.079167 0.112963
15 0.511198 0.908333 0.128646 0.085185
15 0.588802 0.975926 0.093229 0.031481
16 0.067708 0.888426 0.130208 0.223148
16 0.197135 0.900000 0.120313 0.174074
16 0.082812 0.702315 0.053125 0.128704
16 0.132552 0.717130 0.035937 0.099074
16 0.850781 0.844444 0.074479 0.087037
16 0.780729 0.949074 0.053125 0.088889
16 0.932552 0.910648 0.029687 0.076852
16 0.860938 0.771759 0.029167 0.034259
16 0.739844 0.984722 0.016146 0.030556
16 0.466406 0.495833 0.004687 0.015741
16 0.047396 0.391667 0.016667 0.025926
16 0.177604 0.455093 0.017708 0.039815
16 0.205208 0.731944 0.032292 0.073148
16 0.346094 0.961111 0.017188 0.042593
17 0.295573 0.908796 0.044271 0.169444
17 0.506250 0.431944 0.021875 0.041667
17 0.472917 0.564815 0.019792 0.050000
17 0.770312 0.097685 0.022917 0.075000
17 0.854688 0.021296 0.007292 0.031481
17 0.673698 0.183333 0.020313 0.059259
17 0.858594 0.440278 0.015104 0.030556
17 0.029167 0.381944 0.013542 0.050926
17 0.026823 0.676852 0.041146 0.196296
17 0.012240 0.544907 0.016146 0.076852
17 0.016406 0.287037 0.013021 0.037037
17 0.035937 0.118056 0.019792 0.039815
17 0.100000 0.140278 0.013542 0.034259
17 0.033594 0.198611 0.017188 0.019444
17 0.319531 0.422685 0.026562 0.065741
17 0.418750 0.380556 0.040625 0.031481
17 0.194271 0.576852 0.023958 0.066667
17 0.205469 0.666667 0.021354 0.044444
17 0.256510 0.567593 0.010937 0.048148
17 0.344010 0.675926 0.034896 0.061111
17 0.407031 0.536111 0.020313 0.055556
17 0.464323 0.237037 0.017188 0.018519
15 0.617188 0.769907 0.067708 0.086111
18 0.901042 0.231019 0.194792 0.352778
18 0.902865 0.600000 0.160938 0.253704
18 0.950781 0.809259 0.060937 0.055556
18 0.874479 0.962963 0.082292 0.057407
18 0.750521 0.314352 0.091667 0.225000
18 0.727865 0.631019 0.107813 0.341667
18 0.715365 0.862500 0.093229 0.086111
18 0.662760 0.942593 0.042188 0.066667
18 0.599219 0.154630 0.103646 0.174074
18 0.626302 0.354167 0.139063 0.167593
18 0.588281 0.509722 0.151562 0.143519
18 0.604427 0.672685 0.121354 0.102778
18 0.511979 0.223611 0.063542 0.365741
18 0.570833 0.027315 0.247917 0.026852
18 0.486979 0.152315 0.130208 0.115741
18 0.379688 0.155556 0.075000 0.277778
18 0.348177 0.338889 0.058854 0.079630
18 0.279948 0.195833 0.050521 0.099074
18 0.269271 0.380093 0.037500 0.123148
18 0.195573 0.359722 0.038021 0.156481
18 0.166406 0.163426 0.069271 0.112037
18 0.115365 0.287037 0.034896 0.072222
18 0.115625 0.058796 0.048958 0.071296
18 0.047396 0.046759 0.068750 0.076852
18 0.117448 0.429167 0.071354 0.100926
18 0.157812 0.580093 0.044792 0.054630
18 0.258333 0.062963 0.039583 0.061111
16 0.217448 0.024537 0.024479 0.019444
18 0.261198 0.648611 0.043229 0.054630
