15 0.192969 0.741667 0.038021 0.162963
15 0.380990 0.900926 0.054688 0.124074
15 0.405729 0.619444 0.032292 0.094444
15 0.435677 0.787963 0.056771 0.118519
15 0.496615 0.775463 0.061979 0.097222
15 0.565885 0.761574 0.040104 0.100926
15 0.589323 0.903704 0.101562 0.174074
15 0.663802 0.793981 0.086979 0.099074
15 0.514323 0.945833 0.046354 0.099074
15 0.442969 0.974537 0.091146 0.050926
17 0.031250 0.658333 0.061458 0.277778
17 0.869792 0.116667 0.044792 0.116667
17 0.322135 0.927315 0.053646 0.128704
17 0.946615 0.465278 0.029687 0.067593
17 0.950781 0.818056 0.019271 0.063889
17 0.760156 0.208333 0.035937 0.074074
17 0.055469 0.117130 0.023438 0.080556
17 0.225260 0.686111 0.030729 0.081481
17 0.210677 0.554630 0.028646 0.111111
17 0.359375 0.444444 0.020833 0.096296
17 0.430469 0.558333 0.027604 0.055556
17 0.371615 0.695370 0.030729 0.057407
17 0.231771 0.697222 0.020833 0.068519
17 0.509896 0.596296 0.012500 0.061111
17 0.500781 0.870370 0.073438 0.070370
17 0.658594 0.940741 0.004687 0.025926
17 0.358594 0.455093 0.024479 0.062037
17 0.047656 0.206019 0.017188 0.030556
17 0.508073 0.218056 0.006771 0.063889
17 0.371094 0.181944 0.031771 0.052778
17 0.248177 0.247222 0.024479 0.072222
17 0.295312 0.542593 0.007292 0.107407
16 0.103646 0.809722 0.078125 0.367593
16 0.035156 0.898148 0.054688 0.175926
16 0.221354 0.912500 0.130208 0.169444
16 0.226562 0.786111 0.016667 0.074074
16 0.920312 0.835648 0.030208 0.067593
16 0.889583 0.896296 0.034375 0.133333
16 0.841667 0.969907 0.045833 0.041667
16 0.954948 0.918981 0.086979 0.050926
16 0.047656 0.594444 0.022396 0.053704
16 0.441927 0.420370 0.017188 0.022222
16 0.219271 0.547685 0.018750 0.062037
16 0.143490 0.551389 0.006771 0.069444
18 0.950000 0.150926 0.098958 0.229630
18 0.829948 0.353241 0.324479 0.147222
18 0.947656 0.624074 0.101562 0.240741
18 0.659896 0.541204 0.131250 0.202778
18 0.819271 0.585185 0.155208 0.268519
18 0.812760 0.776389 0.158854 0.086111
18 0.778385 0.900463 0.120313 0.110185
18 0.763542 0.081481 0.160417 0.129630
18 0.666146 0.213426 0.141667 0.132407
18 0.578906 0.079167 0.204687 0.130556
18 0.578906 0.357870 0.154688 0.145370
18 0.516406 0.501852 0.074479 0.101852
18 0.491927 0.674537 0.041146 0.086111
18 0.449219 0.251389 0.096354 0.191667
18 0.360677 0.598611 0.041146 0.110185
18 0.375521 0.066204 0.070833 0.112037
18 0.067187 0.028704 0.131250 0.055556
18 0.175000 0.189815 0.064583 0.144444
18 0.019271 0.373611 0.033333 0.189815
18 0.100781 0.286111 0.069271 0.127778
18 0.124219 0.434722 0.083854 0.108333
18 0.285417 0.420370 0.093750 0.101852
18 0.323958 0.360648 0.075000 0.034259
18 0.308073 0.215278 0.029687 0.119444
16 0.433594 0.047685 0.025521 0.039815
16 0.227344 0.023611 0.027604 0.026852
18 0.293750 0.695833 0.085417 0.126852
