15 0.210417 0.761111 0.048958 0.151852
15 0.200260 0.662500 0.016146 0.043519
15 0.436719 0.643056 0.027604 0.087963
15 0.403906 0.921759 0.057813 0.121296
15 0.470313 0.814352 0.039583 0.119444
15 0.534635 0.796759 0.047396 0.100926
15 0.573177 0.961574 0.061979 0.076852
15 0.636458 0.909722 0.096875 0.145370
15 0.606771 0.798148 0.041667 0.098148
15 0.689063 0.839352 0.031250 0.100926
15 0.733854 0.827778 0.036458 0.053704
17 0.043229 0.659259 0.045833 0.307407
17 0.233594 0.609722 0.034896 0.123148
17 0.255208 0.719907 0.018750 0.058333
17 0.336979 0.906019 0.056250 0.182407
17 0.971094 0.173148 0.049479 0.185185
17 0.716927 0.965278 0.034896 0.028704
17 0.413542 0.210648 0.026042 0.093519
17 0.397135 0.462037 0.019271 0.101852
17 0.464062 0.586574 0.029167 0.041667
17 0.070312 0.117130 0.022917 0.080556
17 0.836458 0.237963 0.018750 0.046296
17 0.651823 0.096296 0.008854 0.035185
17 0.402865 0.696759 0.021354 0.037963
17 0.429427 0.829167 0.015104 0.045370
17 0.507031 0.943519 0.041146 0.042593
17 0.554688 0.887500 0.039583 0.036111
17 0.548958 0.607407 0.020833 0.044444
17 0.509896 0.635648 0.021875 0.039815
17 0.133073 0.153241 0.011979 0.043519
16 0.011979 0.681019 0.011458 0.306481
16 0.100521 0.813889 0.059375 0.372222
16 0.036979 0.925000 0.053125 0.137037
16 0.161458 0.848148 0.052083 0.300000
16 0.254948 0.924074 0.095312 0.142593
16 0.255469 0.802315 0.029687 0.073148
16 0.562500 0.874537 0.013542 0.013889
16 0.963802 0.924537 0.058854 0.145370
16 0.072917 0.397222 0.013542 0.037037
16 0.156250 0.571296 0.026042 0.027778
18 0.841667 0.859722 0.177083 0.271296
18 0.712500 0.568056 0.115625 0.225000
18 0.908073 0.595370 0.171354 0.244444
18 0.866146 0.362037 0.260417 0.200000
18 0.745313 0.145833 0.148958 0.236111
18 0.890625 0.062500 0.086458 0.097222
16 0.888021 0.174537 0.019792 0.025000
18 0.580208 0.058796 0.103125 0.110185
16 0.504167 0.036574 0.013542 0.030556
18 0.603125 0.219444 0.129167 0.133333
18 0.635156 0.369444 0.189062 0.150000
18 0.578125 0.525000 0.104167 0.122222
18 0.489323 0.252778 0.088021 0.166667
18 0.444271 0.385648 0.069792 0.095370
18 0.325781 0.696759 0.065104 0.134259
18 0.425521 0.055556 0.032292 0.077778
18 0.337500 0.202778 0.044792 0.151852
18 0.261719 0.367593 0.047396 0.185185
18 0.176302 0.450926 0.042188 0.109259
18 0.207552 0.171296 0.076563 0.140741
18 0.175781 0.079630 0.045312 0.138889
18 0.107813 0.078704 0.038542 0.127778
18 0.042448 0.039352 0.059896 0.063889
18 0.021875 0.315278 0.028125 0.187963
18 0.129948 0.271296 0.068229 0.072222
