15 0.230208 0.767593 0.045833 0.183333
15 0.435677 0.742130 0.029687 0.071296
15 0.479427 0.680093 0.028646 0.071296
15 0.446354 0.939352 0.065625 0.104630
15 0.513281 0.831481 0.055729 0.164815
15 0.581510 0.828704 0.028646 0.090741
15 0.655990 0.829167 0.049479 0.117593
15 0.619531 0.959259 0.070312 0.064815
15 0.698958 0.948148 0.100000 0.100000
15 0.745052 0.861111 0.038021 0.061111
15 0.803125 0.864352 0.045833 0.054630
15 0.760417 0.675926 0.021875 0.048148
15 0.884635 0.720370 0.009896 0.044444
17 0.054167 0.656019 0.055208 0.313889
17 0.359896 0.907407 0.041667 0.185185
17 0.273698 0.709722 0.032813 0.086111
17 0.249740 0.588889 0.022396 0.094444
17 0.501302 0.612500 0.022396 0.028704
17 0.451042 0.212037 0.018750 0.085185
17 0.700521 0.500926 0.045833 0.011111
17 0.709896 0.584259 0.012500 0.155556
17 0.625781 0.910648 0.010937 0.028704
17 0.478906 0.829167 0.004687 0.045370
17 0.449219 0.469907 0.019271 0.099074
17 0.084635 0.103241 0.029687 0.052778
17 0.082812 0.212963 0.015625 0.040741
16 0.114583 0.801389 0.069792 0.375000
16 0.038802 0.906019 0.074479 0.160185
16 0.013281 0.676389 0.018229 0.273148
16 0.181250 0.851852 0.044792 0.277778
16 0.274740 0.935648 0.107813 0.123148
16 0.273698 0.790741 0.014063 0.070370
16 0.555990 0.024074 0.042188 0.033333
16 0.419531 0.520833 0.015104 0.037963
16 0.182552 0.562500 0.027604 0.067593
16 0.110156 0.451389 0.028646 0.052778
16 0.084635 0.397222 0.015104 0.042593
16 0.989062 0.194444 0.008333 0.037037
16 0.485677 0.161111 0.021354 0.029630
16 0.284115 0.018981 0.027604 0.030556
18 0.915365 0.877315 0.158854 0.226852
18 0.875000 0.581944 0.221875 0.223148
18 0.900521 0.383796 0.195833 0.173148
18 0.878125 0.163426 0.213542 0.232407
18 0.694531 0.227315 0.131771 0.415741
18 0.575781 0.272685 0.092188 0.167593
18 0.605208 0.073148 0.025000 0.081481
18 0.354948 0.719444 0.072396 0.103704
18 0.416406 0.825926 0.038021 0.066667
18 0.744792 0.772685 0.053125 0.106481
18 0.498958 0.255093 0.052083 0.106481
18 0.500521 0.400926 0.085417 0.103704
18 0.387760 0.443519 0.077604 0.112963
18 0.455208 0.088426 0.039583 0.121296
16 0.515625 0.036111 0.018750 0.048148
16 0.404687 0.039815 0.037500 0.050000
18 0.173177 0.053241 0.068229 0.082407
18 0.067448 0.040741 0.114062 0.066667
18 0.015625 0.144907 0.028125 0.087963
18 0.235156 0.182407 0.085938 0.162963
18 0.291667 0.372685 0.073958 0.191667
18 0.176823 0.392593 0.060937 0.237037
18 0.390365 0.431019 0.046354 0.128704
18 0.192188 0.426389 0.058333 0.132407
18 0.175000 0.372222 0.044792 0.138889
18 0.127344 0.304630 0.045312 0.151852
18 0.608333 0.519907 0.072917 0.132407
18 0.644531 0.707870 0.053646 0.082407
18 0.583333 0.721759 0.052083 0.119444
18 0.223698 0.609722 0.029687 0.071296
18 0.308854 0.538889 0.037500 0.048148
17 0.327083 0.602315 0.023958 0.041667
18 0.382031 0.193056 0.054688 0.171296
18 0.865104 0.023148 0.056250 0.044444
18 0.699479 0.605556 0.039583 0.066667
