15 0.270052 0.810648 0.050521 0.176852
15 0.498437 0.962500 0.052083 0.065741
15 0.573958 0.881019 0.053125 0.132407
15 0.535677 0.711574 0.029687 0.062037
15 0.636979 0.872222 0.023958 0.075926
15 0.722135 0.901852 0.069271 0.196296
15 0.789062 0.960185 0.052083 0.079630
15 0.847396 0.705556 0.046875 0.062963
15 0.828646 0.909722 0.048958 0.091667
15 0.895573 0.910648 0.065104 0.060185
15 0.252344 0.701389 0.023438 0.047222
17 0.052344 0.581944 0.039062 0.134259
17 0.077083 0.750926 0.054167 0.172222
17 0.383073 0.918056 0.043229 0.154630
17 0.490625 0.756481 0.023958 0.072222
17 0.784896 0.606481 0.013542 0.196296
17 0.819792 0.593519 0.019792 0.183333
17 0.490365 0.035185 0.022396 0.068519
17 0.511458 0.230093 0.019792 0.097222
17 0.516667 0.515278 0.006250 0.084259
17 0.613542 0.510648 0.004167 0.058333
17 0.313021 0.752315 0.025000 0.050926
17 0.341146 0.523611 0.019792 0.043519
17 0.361719 0.639352 0.023438 0.045370
17 0.614062 0.673611 0.012500 0.036111
17 0.663021 0.656944 0.020833 0.019444
17 0.864583 0.521759 0.014583 0.049074
17 0.644010 0.955556 0.027604 0.044444
17 0.763281 0.784722 0.023438 0.060185
17 0.023177 0.190741 0.021354 0.220370
17 0.080469 0.234259 0.010937 0.046296
17 0.110677 0.101389 0.017188 0.032407
17 0.117969 0.214352 0.017188 0.037963
17 0.142448 0.179630 0.010937 0.057407
17 0.817448 0.143519 0.017188 0.062963
16 0.020052 0.760648 0.034896 0.443519
16 0.135417 0.920370 0.182292 0.146296
16 0.145052 0.751852 0.067187 0.174074
16 0.216667 0.786574 0.047917 0.087963
16 0.294010 0.949074 0.106771 0.092593
16 0.311719 0.842130 0.027604 0.086111
16 0.606250 0.037500 0.078125 0.054630
16 0.316927 0.013426 0.053646 0.025000
16 0.843229 0.540278 0.019792 0.058333
16 0.553385 0.182870 0.022396 0.037963
16 0.356250 0.231944 0.017708 0.041667
16 0.461979 0.363889 0.026042 0.033333
16 0.481771 0.560185 0.018750 0.029630
16 0.804427 0.562037 0.013021 0.055556
16 0.207292 0.578704 0.037500 0.088889
16 0.530729 0.208796 0.012500 0.030556
18 0.939063 0.680093 0.121875 0.356481
18 0.964844 0.938426 0.056771 0.106481
18 0.939844 0.270370 0.120313 0.462963
18 0.773958 0.067130 0.186458 0.121296
18 0.765625 0.305093 0.104167 0.304630
18 0.845833 0.343981 0.044792 0.271296
18 0.659115 0.278241 0.100521 0.213889
18 0.566406 0.431481 0.120313 0.118519
18 0.570573 0.282870 0.069271 0.134259
18 0.440885 0.466667 0.060937 0.146296
18 0.446615 0.219907 0.059896 0.154630
18 0.403906 0.047222 0.098437 0.079630
18 0.078906 0.044907 0.156771 0.087963
18 0.213542 0.045370 0.079167 0.083333
18 0.179948 0.182407 0.049479 0.150000
18 0.279948 0.198611 0.107813 0.156481
18 0.285156 0.187500 0.089063 0.156481
18 0.231771 0.481481 0.058333 0.101852
18 0.132292 0.546759 0.067708 0.095370
18 0.212500 0.328241 0.037500 0.076852
18 0.425260 0.762963 0.095312 0.129630
18 0.462760 0.883333 0.054688 0.070370
18 0.428906 0.925000 0.028646 0.114815
18 0.832292 0.798148 0.086458 0.116667
18 0.767708 0.055093 0.131250 0.095370
18 0.072917 0.434259 0.028125 0.138889
16 0.107813 0.395833 0.013542 0.069444
18 0.359375 0.351389 0.060417 0.087963
18 0.394010 0.466667 0.167187 0.092593
18 0.498437 0.308333 0.026042 0.033333
18 0.266406 0.643056 0.041146 0.062037
18 0.652344 0.757407 0.094271 0.118519
18 0.763802 0.623148 0.048438 0.070370
18 0.694271 0.582870 0.083333 0.110185
18 0.580469 0.735185 0.022396 0.070370
18 0.728906 0.731019 0.033854 0.087963
18 0.561979 0.572222 0.034375 0.098148
18 0.378906 0.584722 0.068229 0.050926
18 0.163802 0.410185 0.047396 0.120370
18 0.530990 0.093981 0.040104 0.100926
