15 0.291667 0.815278 0.062500 0.145370
15 0.609896 0.907407 0.065625 0.153704
15 0.538281 0.977778 0.061979 0.044444
15 0.773438 0.921759 0.065625 0.152778
15 0.919792 0.740278 0.058333 0.087963
15 0.865885 0.941204 0.074479 0.112037
15 0.955208 0.941204 0.064583 0.095370
15 0.011198 0.394907 0.015104 0.045370
15 0.033594 0.455093 0.036979 0.049074
15 0.758594 0.464352 0.018229 0.043519
15 0.803906 0.477315 0.017188 0.026852
15 0.271354 0.712037 0.023958 0.042593
15 0.338542 0.681019 0.032292 0.076852
16 0.022656 0.780093 0.044271 0.434259
16 0.154688 0.826852 0.084375 0.335185
16 0.082812 0.923611 0.053125 0.130556
16 0.231510 0.867593 0.055729 0.264815
16 0.346875 0.889352 0.023958 0.087963
16 0.625260 0.031019 0.032813 0.060185
16 0.333073 0.021296 0.035937 0.031481
16 0.905208 0.563889 0.026042 0.057407
16 0.944010 0.418981 0.007812 0.019444
16 0.728125 0.914815 0.014583 0.050000
16 0.575521 0.216204 0.017708 0.032407
16 0.229167 0.586574 0.031250 0.073148
17 0.078906 0.683796 0.057813 0.293519
17 0.406510 0.918056 0.050521 0.158333
17 0.558594 0.858333 0.054688 0.138889
17 0.842969 0.650463 0.025521 0.160185
17 0.705208 0.961111 0.028125 0.059259
17 0.035677 0.201852 0.018229 0.224074
17 0.098698 0.253704 0.022396 0.138889
17 0.097135 0.375926 0.017188 0.074074
17 0.237760 0.133796 0.025521 0.065741
17 0.369271 0.556944 0.023958 0.075000
17 0.540104 0.047222 0.031250 0.083333
17 0.550781 0.238426 0.015104 0.125000
17 0.653646 0.556481 0.017708 0.044444
17 0.565625 0.536574 0.027083 0.075000
17 0.670573 0.706944 0.033854 0.097222
17 0.132552 0.079630 0.021354 0.055556
17 0.165885 0.178704 0.016146 0.062963
18 0.734896 0.275000 0.137500 0.194444
18 0.861979 0.069907 0.173958 0.136111
18 0.976042 0.150000 0.046875 0.272222
18 0.875260 0.332407 0.115104 0.357407
18 0.973177 0.547685 0.053646 0.454630
18 0.046615 0.038426 0.092188 0.065741
18 0.011458 0.209259 0.019792 0.231481
18 0.436979 0.083333 0.107292 0.162963
16 0.505729 0.037500 0.023958 0.060185
18 0.275521 0.484259 0.061458 0.140741
18 0.181250 0.320370 0.114583 0.196296
18 0.095573 0.140278 0.081771 0.113889
18 0.452604 0.771759 0.104167 0.134259
18 0.715365 0.800000 0.093229 0.103704
18 0.909635 0.830093 0.120313 0.093519
18 0.619010 0.437963 0.160938 0.162963
18 0.722396 0.515741 0.050000 0.211111
18 0.330729 0.222685 0.103125 0.160185
18 0.221615 0.062037 0.118229 0.107407
18 0.558333 0.665741 0.084375 0.148148
18 0.428646 0.450926 0.169792 0.166667
