15 0.326302 0.856944 0.047396 0.158333
15 0.685417 0.936574 0.048958 0.110185
15 0.855208 0.957870 0.051042 0.065741
15 0.969271 0.952778 0.043750 0.072222
15 0.018229 0.395833 0.026042 0.039815
15 0.055990 0.475463 0.022396 0.052778
15 0.266667 0.085185 0.019792 0.035185
16 0.029687 0.773611 0.058333 0.447222
16 0.180208 0.831019 0.091667 0.310185
16 0.268750 0.877778 0.061458 0.216667
16 0.099479 0.921759 0.064583 0.117593
16 0.369792 0.916204 0.025000 0.162037
16 0.563281 0.034722 0.029687 0.039815
16 0.777344 0.046296 0.033854 0.072222
16 0.744271 0.090741 0.017708 0.046296
16 0.400781 0.024074 0.020313 0.046296
16 0.969792 0.631019 0.027083 0.050926
16 0.644531 0.224074 0.023438 0.053704
16 0.621354 0.836111 0.039583 0.046296
16 0.740625 0.576852 0.009375 0.038889
17 0.092188 0.688426 0.050000 0.284259
17 0.371094 0.764352 0.054688 0.106481
17 0.441667 0.937037 0.027083 0.125926
17 0.941667 0.685648 0.019792 0.175000
17 0.601562 0.047685 0.027083 0.087963
17 0.617708 0.303704 0.025000 0.312963
17 0.057552 0.212963 0.036979 0.255556
17 0.114323 0.359722 0.031771 0.169444
17 0.116146 0.145833 0.040625 0.054630
17 0.117969 0.218981 0.017188 0.071296
17 0.282031 0.148148 0.029687 0.055556
17 0.237760 0.357407 0.025521 0.068519
17 0.984115 0.690278 0.018229 0.108333
17 0.879948 0.493056 0.028646 0.078704
17 0.723177 0.581019 0.007812 0.049074
17 0.803906 0.963426 0.034896 0.045370
17 0.908073 0.906481 0.027604 0.112963
17 0.322656 0.601852 0.017188 0.055556
17 0.356510 0.375926 0.016146 0.044444
17 0.406510 0.572222 0.014063 0.066667
17 0.539323 0.691204 0.023438 0.039815
18 0.917969 0.229167 0.141146 0.425000
18 0.786979 0.316204 0.125000 0.286111
18 0.679427 0.393981 0.068229 0.167593
18 0.619271 0.725000 0.104167 0.125926
18 0.528385 0.505556 0.152604 0.146296
18 0.834896 0.601852 0.151042 0.125926
18 0.795833 0.853241 0.150000 0.139815
18 0.856510 0.775926 0.109896 0.081481
18 0.334635 0.479630 0.157812 0.153704
18 0.373177 0.230093 0.113021 0.167593
18 0.464062 0.374537 0.094792 0.121296
18 0.555208 0.202778 0.087500 0.240741
18 0.511198 0.803704 0.124479 0.168519
18 0.584375 0.945833 0.086458 0.086111
18 0.498177 0.955093 0.053646 0.089815
18 0.409896 0.953704 0.038542 0.083333
18 0.066667 0.039352 0.130208 0.075000
18 0.022396 0.233333 0.039583 0.253704
18 0.217969 0.068519 0.085938 0.135185
18 0.213542 0.292130 0.129167 0.113889
18 0.185677 0.485185 0.075521 0.205556
18 0.459115 0.062963 0.054688 0.101852
18 0.651823 0.091667 0.048438 0.127778
16 0.716406 0.041667 0.033854 0.072222
18 0.805208 0.134259 0.071875 0.068519
