15 0.345833 0.871759 0.053125 0.154630
15 0.719271 0.947685 0.052083 0.099074
15 0.755729 0.876852 0.019792 0.035185
15 0.026302 0.406019 0.024479 0.041667
15 0.058594 0.472685 0.022396 0.030556
15 0.283594 0.087500 0.018229 0.039815
15 0.737240 0.549537 0.016146 0.015741
15 0.675521 0.450926 0.013542 0.040741
16 0.037760 0.786574 0.061979 0.423148
16 0.196094 0.931019 0.232813 0.134259
16 0.193750 0.763889 0.107292 0.166667
16 0.284375 0.826852 0.046875 0.059259
16 0.421875 0.769907 0.030208 0.037963
16 0.266406 0.620833 0.060937 0.100926
16 0.758854 0.049537 0.039583 0.089815
16 0.826042 0.037037 0.032292 0.066667
16 0.589844 0.036574 0.053646 0.069444
16 0.413281 0.026852 0.064062 0.051852
16 0.784375 0.606019 0.013542 0.019444
16 0.652865 0.857407 0.023438 0.042593
16 0.951562 0.894444 0.017708 0.035185
16 0.402604 0.638426 0.021875 0.058333
17 0.104948 0.719907 0.063021 0.291667
17 0.124740 0.361574 0.028646 0.182407
17 0.067187 0.210648 0.030208 0.237963
17 0.135417 0.237037 0.025000 0.066667
17 0.146094 0.156481 0.033854 0.046296
17 0.198177 0.216667 0.048438 0.033333
17 0.173177 0.081481 0.028646 0.072222
17 0.296094 0.152778 0.033854 0.059259
17 0.433594 0.586574 0.021354 0.054630
17 0.377865 0.387963 0.021354 0.042593
17 0.256250 0.368056 0.028125 0.054630
17 0.379688 0.752778 0.032292 0.070370
17 0.402604 0.840278 0.033333 0.073148
17 0.459635 0.819907 0.023438 0.054630
17 0.759115 0.772685 0.040104 0.052778
17 0.767708 0.579630 0.025000 0.055556
17 0.651302 0.366204 0.022396 0.162037
17 0.638802 0.063426 0.029687 0.119444
17 0.651563 0.189815 0.019792 0.055556
17 0.929427 0.500000 0.025521 0.068519
17 0.982552 0.754167 0.022396 0.099074
17 0.956510 0.952315 0.044271 0.054630
17 0.633854 0.876852 0.017708 0.048148
17 0.947135 0.019444 0.018229 0.035185
18 0.927604 0.274537 0.143750 0.410185
18 0.787240 0.345370 0.142187 0.344444
16 0.685937 0.240278 0.039583 0.089815
18 0.581771 0.540741 0.197917 0.161111
18 0.586719 0.227778 0.074479 0.220370
18 0.413021 0.264352 0.141667 0.169444
18 0.521875 0.182870 0.043750 0.134259
18 0.494010 0.040741 0.081771 0.079630
18 0.526563 0.406019 0.160417 0.095370
18 0.340625 0.513426 0.092708 0.108333
18 0.525521 0.959259 0.047917 0.064815
18 0.424740 0.960648 0.035937 0.065741
17 0.468490 0.926389 0.035937 0.147222
18 0.552865 0.829167 0.134896 0.162037
18 0.628385 0.692130 0.129688 0.108333
18 0.022656 0.182870 0.044271 0.363889
18 0.109375 0.051852 0.091667 0.083333
18 0.241406 0.099537 0.063021 0.169444
18 0.192708 0.379630 0.071875 0.187037
18 0.409635 0.217130 0.116146 0.247222
18 0.315885 0.061574 0.046354 0.095370
18 0.699219 0.100463 0.063021 0.162037
18 0.801562 0.145833 0.096875 0.047222
18 0.452083 0.704167 0.053125 0.123148
18 0.438021 0.495833 0.098958 0.143519
18 0.178385 0.572222 0.093229 0.092593
18 0.073698 0.524537 0.069271 0.086111
18 0.098958 0.390278 0.013542 0.160185
18 0.108333 0.175926 0.032292 0.138889
