15 0.374740 0.896296 0.055729 0.164815
15 0.344010 0.758796 0.034896 0.060185
15 0.422656 0.745370 0.041146 0.094444
15 0.489844 0.633796 0.029687 0.052778
15 0.798958 0.968981 0.050000 0.062037
15 0.684635 0.788426 0.024479 0.049074
15 0.699219 0.443056 0.021354 0.037963
15 0.034896 0.406019 0.041667 0.037963
15 0.073177 0.473148 0.020313 0.031481
15 0.315365 0.079630 0.027604 0.059259
16 0.040885 0.793056 0.074479 0.413889
16 0.210417 0.928704 0.253125 0.125926
16 0.213542 0.777778 0.116667 0.162963
16 0.303646 0.835648 0.045833 0.045370
16 0.290625 0.638426 0.077083 0.100926
16 0.427083 0.651389 0.039583 0.049074
16 0.425521 0.925000 0.032292 0.133333
16 0.870833 0.630556 0.032292 0.062963
16 0.847917 0.037963 0.048958 0.072222
16 0.916667 0.049074 0.030208 0.068519
16 0.757552 0.242593 0.041146 0.138889
16 0.621094 0.018981 0.080729 0.036111
16 0.602865 0.059722 0.031771 0.028704
16 0.445573 0.022222 0.031771 0.042593
16 0.722396 0.911574 0.026042 0.039815
16 0.460156 0.786111 0.022396 0.051852
16 0.511979 0.840278 0.020833 0.041667
17 0.120313 0.714352 0.059375 0.319444
17 0.496354 0.949074 0.044792 0.088889
17 0.078906 0.216204 0.028646 0.265741
17 0.138542 0.360648 0.029167 0.197222
17 0.164062 0.193519 0.017708 0.092593
17 0.196615 0.078704 0.021354 0.079630
17 0.327083 0.137963 0.051042 0.075926
17 0.374740 0.264815 0.020313 0.037037
17 0.283073 0.377315 0.034896 0.067593
17 0.415625 0.392593 0.032292 0.077778
17 0.466146 0.607407 0.020833 0.057407
17 0.434115 0.861574 0.042188 0.063889
17 0.735417 0.954167 0.077083 0.087963
17 0.774740 0.720833 0.021354 0.067593
17 0.861198 0.808796 0.049479 0.078704
17 0.834896 0.630093 0.021875 0.052778
17 0.723698 0.391204 0.033854 0.189815
17 0.712500 0.045370 0.033333 0.088889
18 0.617188 0.895370 0.160417 0.187037
18 0.763802 0.802778 0.100521 0.142593
18 0.957031 0.597685 0.078646 0.280556
18 0.907292 0.930556 0.167708 0.138889
18 0.083333 0.037500 0.165625 0.073148
18 0.030729 0.230556 0.060417 0.281481
18 0.264583 0.095370 0.071875 0.151852
18 0.260677 0.278241 0.086979 0.099074
18 0.114323 0.404630 0.052604 0.118519
18 0.185677 0.542593 0.088021 0.161111
18 0.079167 0.521759 0.072917 0.062037
18 0.309115 0.490741 0.135937 0.140741
18 0.382292 0.553241 0.050000 0.108333
18 0.297135 0.750463 0.034896 0.078704
18 0.381250 0.718056 0.052083 0.087963
18 0.552865 0.603241 0.103646 0.189815
18 0.476562 0.503704 0.082292 0.118519
18 0.721875 0.594907 0.158333 0.167593
18 0.855990 0.420370 0.116146 0.312963
18 0.962760 0.233796 0.074479 0.395370
18 0.882031 0.170833 0.079687 0.167593
18 0.816927 0.222222 0.050521 0.092593
18 0.455469 0.240278 0.153646 0.302778
18 0.527344 0.056481 0.064062 0.096296
18 0.264323 0.088426 0.069271 0.137963
18 0.358333 0.039815 0.052083 0.077778
18 0.514323 0.306019 0.035937 0.121296
18 0.776563 0.074074 0.075000 0.144444
18 0.664323 0.204167 0.107813 0.241667
18 0.586979 0.148148 0.066667 0.055556
17 0.588802 0.223148 0.021354 0.055556
18 0.197396 0.306481 0.044792 0.148148
