15 0.420052 0.919444 0.048438 0.151852
15 0.452083 0.762037 0.031250 0.083333
15 0.375521 0.779167 0.023958 0.084259
15 0.054427 0.417593 0.030729 0.048148
15 0.011198 0.446296 0.017188 0.044444
15 0.007292 0.543056 0.012500 0.028704
15 0.089323 0.479630 0.022396 0.035185
15 0.839844 0.455093 0.042188 0.049074
15 0.530469 0.647222 0.016146 0.035185
15 0.355469 0.076852 0.014063 0.059259
16 0.051302 0.786574 0.094271 0.400926
16 0.248958 0.950463 0.281250 0.099074
16 0.229687 0.800926 0.133333 0.185185
16 0.307812 0.649537 0.098958 0.106481
16 0.457813 0.661574 0.042708 0.047222
16 0.456771 0.965741 0.017708 0.050000
16 0.493750 0.810185 0.032292 0.044444
16 0.567187 0.888889 0.034375 0.068519
16 0.624740 0.049074 0.025521 0.033333
16 0.649479 0.011574 0.013542 0.019444
16 0.519271 0.018981 0.029167 0.017593
16 0.941406 0.031481 0.049479 0.061111
16 0.844792 0.218056 0.030208 0.050926
16 0.827865 0.319907 0.050521 0.045370
16 0.951042 0.664815 0.033333 0.038889
16 0.798958 0.949537 0.062500 0.049074
16 0.178906 0.439815 0.019271 0.035185
17 0.134635 0.726389 0.055729 0.317593
17 0.540365 0.962037 0.028646 0.070370
17 0.530208 0.862037 0.033333 0.100000
17 0.473438 0.896296 0.028125 0.074074
17 0.503906 0.622685 0.029687 0.075000
17 0.480208 0.612963 0.027083 0.085185
17 0.452865 0.414352 0.036979 0.089815
17 0.419010 0.301852 0.030729 0.068519
17 0.382812 0.130093 0.023958 0.067593
17 0.363021 0.162500 0.013542 0.065741
17 0.324479 0.395833 0.023958 0.065741
17 0.093229 0.184259 0.019792 0.203704
17 0.160156 0.374074 0.022396 0.181481
17 0.227083 0.064352 0.017708 0.073148
17 0.191146 0.154630 0.033333 0.077778
17 0.783073 0.054167 0.035937 0.097222
17 0.785677 0.383333 0.021354 0.244444
17 0.825260 0.973611 0.094271 0.052778
17 0.978646 0.660648 0.021875 0.091667
17 0.861458 0.740741 0.031250 0.046296
17 0.931510 0.636111 0.009896 0.048148
17 0.693490 0.806944 0.036979 0.063889
17 0.608073 0.542593 0.029687 0.077778
15 0.763802 0.804630 0.060937 0.057407
18 0.041667 0.179167 0.080208 0.341667
18 0.141927 0.037500 0.088021 0.067593
18 0.860938 0.086111 0.075000 0.148148
18 0.965625 0.353241 0.068750 0.504630
18 0.903646 0.438889 0.040625 0.307407
18 0.940104 0.770833 0.109375 0.149074
18 0.944792 0.947222 0.097917 0.105556
17 0.936458 0.871296 0.032292 0.024074
17 0.677604 0.913889 0.168750 0.172222
17 0.710938 0.217130 0.136458 0.286111
16 0.732552 0.023611 0.032813 0.030556
18 0.308594 0.078241 0.073438 0.149074
18 0.149219 0.166667 0.059896 0.124074
18 0.419531 0.055093 0.047396 0.089815
18 0.516146 0.256019 0.195833 0.280556
18 0.549740 0.076852 0.067187 0.068519
18 0.544531 0.329630 0.178646 0.153704
18 0.691146 0.461574 0.158333 0.145370
18 0.750521 0.628241 0.250000 0.165741
18 0.830469 0.531481 0.075521 0.033333
18 0.594271 0.657870 0.061458 0.097222
18 0.378906 0.516204 0.088021 0.147222
18 0.332552 0.782870 0.049479 0.095370
18 0.373437 0.928241 0.032292 0.143519
18 0.540885 0.767130 0.047396 0.152778
18 0.207552 0.555556 0.086979 0.164815
18 0.315885 0.294444 0.097396 0.096296
18 0.280729 0.300000 0.156250 0.087037
18 0.150521 0.176389 0.057292 0.099074
18 0.130469 0.399074 0.045312 0.142593
18 0.247396 0.408333 0.112500 0.090741
18 0.095052 0.533333 0.095312 0.055556
