15 0.468229 0.934259 0.058333 0.114815
15 0.495312 0.789352 0.032292 0.069444
15 0.409375 0.794444 0.021875 0.035185
15 0.013542 0.459722 0.026042 0.058333
15 0.014323 0.553704 0.021354 0.037037
15 0.063281 0.427778 0.022396 0.037037
15 0.105469 0.500926 0.022396 0.022222
15 0.021875 0.339352 0.011458 0.015741
15 0.192969 0.482407 0.010937 0.011111
15 0.392188 0.071759 0.007292 0.026852
15 0.880208 0.470370 0.014583 0.044444
15 0.937760 0.497685 0.020313 0.017593
15 0.883333 0.528241 0.014583 0.026852
15 0.564844 0.668519 0.016146 0.020370
15 0.539062 0.768519 0.006250 0.025926
15 0.847135 0.860185 0.093229 0.072222
16 0.051302 0.796296 0.094271 0.368519
16 0.247656 0.947685 0.294271 0.084259
16 0.263281 0.819907 0.141146 0.156481
16 0.333854 0.677315 0.111458 0.121296
16 0.532031 0.641204 0.013021 0.032407
16 0.497135 0.705093 0.013021 0.032407
16 0.580469 0.469907 0.013021 0.032407
16 0.615365 0.935648 0.054688 0.087963
16 0.664844 0.839815 0.017188 0.059259
16 0.911198 0.337500 0.050521 0.050926
16 0.773438 0.028704 0.067708 0.042593
16 0.273698 0.043056 0.010937 0.021296
16 0.196875 0.453241 0.013542 0.023148
16 0.349740 0.559259 0.017188 0.048148
16 0.511979 0.654630 0.011458 0.046296
16 0.947656 0.224074 0.020313 0.044444
16 0.559635 0.019907 0.051562 0.032407
16 0.764323 0.077315 0.017188 0.023148
16 0.191406 0.081019 0.004687 0.008333
17 0.148177 0.753241 0.068229 0.299074
17 0.488802 0.868056 0.024479 0.052778
17 0.355208 0.401389 0.039583 0.089815
17 0.418750 0.113426 0.043750 0.158333
17 0.465104 0.319907 0.025000 0.082407
17 0.502344 0.450000 0.027604 0.094444
17 0.863802 0.463889 0.035937 0.218519
17 0.876823 0.058333 0.036979 0.114815
17 0.253125 0.064352 0.021875 0.067593
17 0.110156 0.175463 0.023438 0.219444
17 0.176563 0.393981 0.025000 0.199074
17 0.190365 0.102315 0.023438 0.052778
17 0.227344 0.165278 0.022396 0.047222
17 0.275521 0.250463 0.025000 0.056481
17 0.549740 0.664815 0.017188 0.074074
17 0.678385 0.578704 0.034896 0.111111
17 0.769531 0.856481 0.030729 0.105556
17 0.509375 0.027315 0.015625 0.052778
18 0.945052 0.671759 0.106771 0.237963
18 0.826042 0.950463 0.337500 0.099074
18 0.048438 0.160185 0.079167 0.290741
18 0.174219 0.041667 0.132812 0.059259
18 0.164583 0.171296 0.067708 0.137037
18 0.354948 0.320833 0.106771 0.089815
18 0.214323 0.544907 0.088021 0.095370
17 0.114844 0.552315 0.102604 0.075000
18 0.045312 0.546296 0.028125 0.092593
18 0.096094 0.354167 0.088021 0.084259
18 0.429427 0.558796 0.089063 0.154630
18 0.363542 0.789352 0.044792 0.099074
18 0.416667 0.932870 0.044792 0.134259
18 0.554688 0.558796 0.084375 0.097222
18 0.540104 0.931944 0.051042 0.100926
18 0.565104 0.222685 0.179167 0.249074
18 0.626563 0.401389 0.208333 0.076852
18 0.844792 0.216667 0.188542 0.187037
18 0.689323 0.256019 0.061979 0.112037
18 0.806250 0.543056 0.073958 0.434259
18 0.866406 0.692130 0.028646 0.187963
18 0.938542 0.856944 0.080208 0.084259
18 0.733594 0.705556 0.068229 0.218519
18 0.671875 0.733796 0.067708 0.110185
18 0.589844 0.800463 0.073438 0.160185
16 0.603646 0.699074 0.013542 0.037037
16 0.983594 0.829167 0.017188 0.047222
18 0.340625 0.086111 0.090625 0.135185
18 0.956771 0.039815 0.078125 0.059259
16 0.842969 0.091204 0.021354 0.052778
