15 0.503385 0.947222 0.050521 0.092593
15 0.921094 0.905093 0.098437 0.097222
15 0.021615 0.461111 0.042188 0.064815
15 0.015885 0.539352 0.030729 0.065741
15 0.079167 0.426852 0.026042 0.031481
15 0.120573 0.506944 0.020313 0.028704
15 0.214323 0.487500 0.008854 0.032407
15 0.967708 0.524074 0.032292 0.066667
15 0.578125 0.788426 0.014583 0.039815
15 0.610938 0.700463 0.016667 0.049074
15 0.720052 0.916204 0.033854 0.075000
15 0.172135 0.299074 0.010937 0.018519
15 0.216406 0.319444 0.016146 0.024074
16 0.063281 0.799537 0.119271 0.391667
16 0.285677 0.872222 0.166146 0.251852
16 0.162760 0.950463 0.064062 0.076852
16 0.354687 0.681944 0.125000 0.112037
16 0.383333 0.574074 0.018750 0.068519
16 0.512760 0.701389 0.028646 0.045370
16 0.399740 0.949074 0.049479 0.088889
16 0.564063 0.857870 0.038542 0.063889
16 0.649740 0.951389 0.055729 0.084259
16 0.650781 0.706019 0.028646 0.037963
16 0.797396 0.026852 0.116667 0.050000
16 0.299219 0.026852 0.007812 0.011111
16 0.160417 0.096759 0.012500 0.019444
16 0.976042 0.589352 0.034375 0.073148
16 0.648177 0.955093 0.043229 0.063889
16 0.967969 0.023611 0.008854 0.039815
16 0.506250 0.224074 0.014583 0.035185
16 0.615885 0.463426 0.033854 0.041667
16 0.565885 0.651852 0.024479 0.044444
16 0.557813 0.608333 0.028125 0.033333
16 0.309635 0.616667 0.023438 0.031481
16 0.448958 0.019907 0.019792 0.037963
16 0.618490 0.017130 0.028646 0.026852
16 0.526823 0.027778 0.010937 0.031481
16 0.788802 0.083796 0.024479 0.054630
16 0.987760 0.034259 0.008854 0.051852
16 0.978906 0.319907 0.022396 0.037963
16 0.986979 0.359722 0.026042 0.025000
17 0.165625 0.756481 0.063542 0.311111
17 0.451823 0.098148 0.047396 0.168519
17 0.504948 0.331944 0.040104 0.119444
17 0.537760 0.462037 0.038021 0.122222
17 0.389062 0.406944 0.043750 0.097222
17 0.193229 0.370833 0.033333 0.204630
17 0.124479 0.125926 0.025000 0.122222
17 0.259635 0.166667 0.022396 0.074074
17 0.220312 0.235648 0.033333 0.041667
17 0.284115 0.063426 0.024479 0.062037
17 0.337760 0.142593 0.024479 0.088889
17 0.292448 0.525000 0.021354 0.050000
17 0.610938 0.917130 0.028125 0.108333
17 0.589323 0.683796 0.027604 0.099074
17 0.748437 0.121296 0.038542 0.077778
17 0.953125 0.027315 0.020833 0.052778
17 0.950260 0.154630 0.011979 0.064815
17 0.736719 0.616667 0.042188 0.101852
17 0.842187 0.906944 0.044792 0.075000
17 0.942708 0.446296 0.019792 0.137037
17 0.567708 0.031944 0.018750 0.062037
17 0.129167 0.250000 0.013542 0.057407
17 0.139844 0.402778 0.018229 0.061111
17 0.217188 0.381481 0.012500 0.042593
17 0.220573 0.100463 0.021354 0.039815
18 0.060417 0.160185 0.119792 0.316667
18 0.203125 0.036574 0.144792 0.071296
18 0.617188 0.206019 0.187500 0.247222
18 0.683073 0.021759 0.088021 0.041667
18 0.782813 0.383796 0.096875 0.354630
18 0.692448 0.454630 0.086979 0.200000
18 0.478906 0.567593 0.086979 0.211111
18 0.447135 0.822685 0.140104 0.121296
18 0.457031 0.946759 0.035937 0.100926
18 0.638281 0.814815 0.077604 0.172222
18 0.790365 0.773148 0.171354 0.162963
18 0.915365 0.671296 0.096354 0.211111
18 0.786719 0.940741 0.063021 0.088889
18 0.894531 0.263426 0.099479 0.282407
18 0.883073 0.468519 0.075521 0.183333
18 0.912240 0.060648 0.063021 0.110185
18 0.382812 0.309259 0.097917 0.116667
18 0.384896 0.068981 0.104167 0.134259
18 0.182031 0.192130 0.050521 0.125000
18 0.154688 0.560185 0.051042 0.062963
18 0.296094 0.339352 0.045312 0.121296
18 0.245312 0.594444 0.078125 0.166667
18 0.352344 0.565741 0.044271 0.140741
18 0.444531 0.419444 0.042188 0.046296
18 0.610417 0.561574 0.066667 0.119444
