15 0.012500 0.546296 0.018750 0.081481
15 0.033333 0.572222 0.020833 0.038889
15 0.033333 0.471296 0.033333 0.070370
15 0.091927 0.445833 0.027604 0.050926
15 0.045573 0.354167 0.023438 0.030556
15 0.674740 0.739815 0.029687 0.048148
15 0.504948 0.793056 0.019271 0.030556
15 0.566667 0.975926 0.032292 0.038889
15 0.584375 0.838889 0.019792 0.053704
15 0.642188 0.831481 0.043750 0.059259
16 0.068490 0.802778 0.123438 0.394444
16 0.320312 0.876389 0.188542 0.228704
16 0.150521 0.900000 0.026042 0.188889
16 0.343229 0.677315 0.031250 0.143519
16 0.423177 0.728704 0.108854 0.074074
16 0.437500 0.631481 0.033333 0.137037
16 0.621875 0.685648 0.013542 0.037963
16 0.887500 0.032870 0.072917 0.054630
16 0.829427 0.044907 0.028646 0.039815
16 0.640365 0.018056 0.021354 0.032407
16 0.352604 0.035648 0.017708 0.028704
16 0.052083 0.068056 0.015625 0.028704
16 0.667969 0.475463 0.014063 0.026852
16 0.608594 0.459259 0.014063 0.035185
16 0.690885 0.968056 0.020313 0.041667
16 0.622917 0.904167 0.034375 0.050926
16 0.937760 0.682870 0.019271 0.039815
16 0.861979 0.644444 0.014583 0.046296
16 0.811458 0.680556 0.012500 0.025926
16 0.937240 0.185648 0.010937 0.060185
16 0.564844 0.237500 0.009896 0.030556
16 0.288021 0.071759 0.009375 0.036111
16 0.260677 0.407407 0.015104 0.046296
16 0.234896 0.473148 0.019792 0.040741
16 0.763802 0.839352 0.023438 0.087963
16 0.853385 0.722685 0.015104 0.052778
16 0.903646 0.087037 0.015625 0.035185
16 0.963802 0.015741 0.024479 0.018519
17 0.173437 0.714815 0.045833 0.174074
17 0.200000 0.892130 0.037500 0.158333
17 0.666146 0.936111 0.030208 0.118519
17 0.648958 0.706481 0.034375 0.127778
17 0.610156 0.524537 0.017188 0.086111
17 0.570573 0.363889 0.042188 0.151852
17 0.521094 0.131944 0.034896 0.121296
17 0.917188 0.917130 0.023958 0.099074
17 0.152865 0.118519 0.019271 0.114815
17 0.161198 0.414815 0.022396 0.050000
17 0.220312 0.344444 0.028125 0.072222
17 0.242708 0.253704 0.031250 0.020370
17 0.281510 0.110185 0.017188 0.037037
17 0.320312 0.178704 0.030208 0.040741
17 0.326302 0.028704 0.015104 0.037037
17 0.351302 0.248611 0.020313 0.052778
17 0.394010 0.187500 0.008854 0.045370
17 0.222135 0.331944 0.015104 0.069444
17 0.178646 0.169907 0.007292 0.058333
17 0.666146 0.040278 0.018750 0.060185
17 0.807552 0.611111 0.024479 0.090741
17 0.934635 0.645833 0.082812 0.028704
17 0.763542 0.762963 0.036458 0.011111
17 0.590625 0.746296 0.030208 0.083333
18 0.836719 0.876852 0.100521 0.220370
18 0.940104 0.781019 0.098958 0.169444
18 0.922917 0.425926 0.146875 0.403704
18 0.738021 0.343519 0.213542 0.266667
18 0.753385 0.111111 0.107813 0.194444
18 0.868750 0.155556 0.078125 0.098148
18 0.966927 0.132407 0.066146 0.177778
18 0.438802 0.097222 0.100521 0.192593
18 0.570833 0.057407 0.077083 0.103704
18 0.645312 0.258796 0.079167 0.282407
18 0.577344 0.181944 0.050521 0.110185
18 0.024479 0.172222 0.045833 0.327778
18 0.101823 0.187963 0.074479 0.333333
18 0.232552 0.023148 0.145313 0.038889
18 0.234896 0.143056 0.077083 0.178704
18 0.178385 0.573611 0.186979 0.067593
18 0.064583 0.527778 0.032292 0.092593
18 0.265885 0.675463 0.061979 0.087963
18 0.162240 0.708333 0.035937 0.033333
18 0.471615 0.343519 0.141146 0.162963
18 0.496094 0.491667 0.166146 0.120370
18 0.543229 0.634722 0.136458 0.136111
18 0.455990 0.875926 0.065104 0.103704
18 0.514844 0.967593 0.044271 0.055556
18 0.550781 0.846759 0.054688 0.104630
18 0.712500 0.871759 0.070833 0.167593
18 0.368490 0.474537 0.072396 0.284259
18 0.303646 0.287500 0.058333 0.110185
18 0.230208 0.197685 0.080208 0.084259
18 0.702865 0.582870 0.142187 0.154630
