15 0.708333 0.762037 0.029167 0.066667
15 0.020052 0.568056 0.029687 0.084259
15 0.044271 0.487500 0.029167 0.073148
15 0.046094 0.596296 0.017188 0.044444
15 0.101302 0.462963 0.028646 0.046296
15 0.666146 0.852315 0.044792 0.058333
15 0.531250 0.819907 0.025000 0.037963
15 0.826042 0.958333 0.019792 0.057407
15 0.066146 0.278241 0.027083 0.041667
15 0.059635 0.371759 0.027604 0.021296
16 0.079687 0.818056 0.136458 0.363889
16 0.335417 0.893056 0.208333 0.210185
16 0.409375 0.723611 0.145833 0.119444
16 0.496354 0.743519 0.027083 0.094444
16 0.277865 0.426852 0.022396 0.038889
16 0.657031 0.936111 0.035937 0.075926
16 0.697135 0.503704 0.019271 0.022222
16 0.935937 0.019907 0.097917 0.032407
16 0.920833 0.066204 0.065625 0.045370
16 0.869010 0.053704 0.029687 0.046296
16 0.736979 0.015278 0.017708 0.028704
16 0.380990 0.044444 0.019271 0.033333
16 0.979427 0.701389 0.022396 0.039815
16 0.846615 0.711574 0.026562 0.039815
16 0.724479 0.971759 0.025000 0.039815
16 0.814844 0.844907 0.024479 0.063889
16 0.985677 0.208796 0.021354 0.075000
17 0.190625 0.823611 0.051042 0.336111
17 0.557292 0.157870 0.032292 0.149074
17 0.607031 0.375000 0.035937 0.148148
17 0.648958 0.547222 0.027083 0.068519
17 0.681510 0.728241 0.023438 0.156481
17 0.698698 0.905093 0.034896 0.189815
17 0.614583 0.960185 0.038542 0.074074
17 0.558333 0.765278 0.041667 0.063889
17 0.707292 0.044907 0.034375 0.087963
17 0.170313 0.130093 0.027083 0.125000
17 0.242188 0.329630 0.030208 0.101852
17 0.310417 0.109722 0.025000 0.052778
17 0.348438 0.200926 0.019792 0.050000
17 0.388021 0.276852 0.018750 0.061111
17 0.898438 0.677778 0.104167 0.079630
17 0.795312 0.796296 0.019792 0.033333
17 0.199219 0.202315 0.010937 0.065741
17 0.317188 0.240741 0.016667 0.042593
17 0.361719 0.058333 0.023438 0.057407
16 0.464062 0.628241 0.021875 0.054630
16 0.408854 0.576389 0.013542 0.026852
16 0.366146 0.642130 0.027083 0.028704
18 0.930208 0.393519 0.129167 0.281481
18 0.806771 0.162963 0.092708 0.324074
18 0.707292 0.212037 0.096875 0.233333
18 0.765625 0.410185 0.181250 0.125926
18 0.743750 0.612963 0.125000 0.151852
18 0.930729 0.868981 0.137500 0.262037
18 0.753125 0.871296 0.050000 0.125926
18 0.581771 0.636111 0.104167 0.188889
18 0.487760 0.374074 0.101562 0.185185
18 0.480990 0.099537 0.105729 0.178704
18 0.609115 0.046296 0.108854 0.090741
18 0.622396 0.203241 0.058333 0.165741
18 0.651302 0.399074 0.045312 0.161111
18 0.473438 0.522685 0.088542 0.080556
18 0.424479 0.658333 0.039583 0.092593
18 0.280990 0.621759 0.082812 0.173148
18 0.058073 0.113889 0.093229 0.207407
18 0.134896 0.118056 0.033333 0.193519
18 0.259896 0.038426 0.164583 0.065741
18 0.253125 0.157870 0.084375 0.158333
18 0.139323 0.370370 0.096354 0.100000
18 0.029427 0.300926 0.050521 0.127778
18 0.224740 0.455093 0.047396 0.100926
18 0.184115 0.609722 0.068229 0.075000
18 0.106250 0.557407 0.053125 0.092593
18 0.335938 0.343519 0.070833 0.157407
18 0.413021 0.427778 0.044792 0.094444
18 0.332031 0.488889 0.075521 0.062963
18 0.778385 0.503704 0.068229 0.038889
18 0.964323 0.594907 0.070312 0.086111
18 0.854948 0.845370 0.029687 0.137037
