15 0.031771 0.584722 0.031250 0.089815
15 0.062500 0.610185 0.025000 0.035185
15 0.058073 0.507870 0.033854 0.062037
15 0.124479 0.475000 0.032292 0.048148
15 0.082031 0.389352 0.042188 0.026852
15 0.565365 0.846759 0.028646 0.054630
15 0.750260 0.793981 0.029687 0.067593
15 0.701562 0.881019 0.045833 0.049074
16 0.054688 0.821296 0.104167 0.357407
16 0.137760 0.845833 0.055729 0.282407
16 0.362500 0.905093 0.226042 0.180556
16 0.395313 0.739815 0.058333 0.144444
16 0.485677 0.774537 0.105729 0.086111
16 0.505990 0.690741 0.036979 0.092593
16 0.976823 0.044444 0.045312 0.085185
16 0.937240 0.059722 0.030729 0.080556
16 0.911719 0.077315 0.019271 0.034259
16 0.411198 0.060185 0.010937 0.024074
16 0.680729 0.963889 0.038542 0.059259
16 0.898698 0.742130 0.023438 0.058333
16 0.861458 0.869907 0.020833 0.039815
16 0.728385 0.959722 0.009896 0.028704
16 0.235937 0.152315 0.012500 0.034259
16 0.089583 0.099537 0.014583 0.028704
16 0.362500 0.104167 0.012500 0.028704
16 0.597135 0.027778 0.008854 0.040741
16 0.778385 0.033333 0.016146 0.024074
16 0.295833 0.436111 0.018750 0.035185
17 0.205469 0.841204 0.063021 0.282407
17 0.596875 0.188426 0.025000 0.132407
17 0.641927 0.392130 0.038021 0.143519
17 0.688542 0.571296 0.017708 0.046296
17 0.723437 0.752778 0.025000 0.118519
17 0.742188 0.926389 0.026042 0.125000
17 0.904948 0.672685 0.035937 0.082407
17 0.931771 0.745370 0.012500 0.029630
17 0.843490 0.824537 0.022396 0.032407
17 0.884896 0.920370 0.011458 0.070370
17 0.968750 0.741667 0.046875 0.035185
17 0.760677 0.057870 0.029687 0.108333
17 0.198177 0.147222 0.024479 0.125926
17 0.261458 0.369444 0.026042 0.051852
17 0.270833 0.320833 0.019792 0.039815
17 0.346094 0.140278 0.017188 0.052778
17 0.414062 0.287963 0.020833 0.044444
17 0.563802 0.220370 0.025521 0.068519
17 0.862240 0.530556 0.006771 0.031481
17 0.223698 0.231019 0.009896 0.075000
17 0.301823 0.381944 0.015104 0.015741
18 0.822135 0.296759 0.198437 0.312037
18 0.963281 0.352315 0.063021 0.443519
18 0.946615 0.880556 0.099479 0.211111
18 0.797396 0.920370 0.071875 0.153704
18 0.521354 0.934722 0.077083 0.130556
18 0.616667 0.901852 0.052083 0.112963
18 0.613021 0.714352 0.079167 0.137963
18 0.636458 0.556944 0.059375 0.110185
18 0.801042 0.655093 0.162500 0.178704
18 0.523177 0.396296 0.113021 0.137037
18 0.529948 0.553704 0.141146 0.135185
18 0.296615 0.643519 0.091146 0.174074
18 0.210417 0.621759 0.058333 0.095370
18 0.134375 0.590278 0.069792 0.132407
18 0.019271 0.212963 0.033333 0.388889
18 0.103646 0.064352 0.115625 0.041667
18 0.188021 0.013426 0.177083 0.023148
18 0.293490 0.051852 0.206771 0.057407
18 0.286458 0.165741 0.091667 0.129630
18 0.357031 0.307407 0.061979 0.116667
18 0.060156 0.317593 0.048438 0.116667
18 0.117708 0.196759 0.130208 0.099074
18 0.146615 0.127778 0.079687 0.055556
18 0.151042 0.349537 0.105208 0.149074
18 0.242969 0.456944 0.048438 0.108333
18 0.522917 0.097222 0.117708 0.177778
18 0.666927 0.064352 0.109896 0.117593
18 0.841667 0.063426 0.112500 0.123148
18 0.682552 0.697685 0.036979 0.141667
18 0.553646 0.675926 0.026042 0.057407
18 0.418490 0.165741 0.068229 0.129630
18 0.490104 0.251389 0.037500 0.047222
18 0.054167 0.444444 0.095833 0.048148
