15 0.050000 0.575000 0.037500 0.103704
15 0.082812 0.596296 0.018750 0.044444
15 0.077865 0.491667 0.028646 0.072222
15 0.146875 0.467593 0.026042 0.042593
15 0.016667 0.432407 0.031250 0.050000
15 0.862240 0.853241 0.042188 0.080556
15 0.653646 0.908333 0.044792 0.050000
15 0.094531 0.367130 0.032813 0.030556
15 0.792708 0.932870 0.061458 0.054630
15 0.874479 0.503704 0.027083 0.035185
16 0.090885 0.809259 0.160938 0.340741
16 0.186198 0.897685 0.027604 0.180556
16 0.418229 0.906481 0.272917 0.161111
16 0.443490 0.751389 0.088021 0.121296
16 0.594531 0.756019 0.029687 0.156481
16 0.568229 0.784722 0.014583 0.099074
16 0.651823 0.830556 0.021354 0.092593
16 0.342708 0.441204 0.019792 0.054630
16 0.188021 0.710185 0.018750 0.072222
16 0.722135 0.478241 0.049479 0.054630
16 0.910417 0.877778 0.017708 0.037037
16 0.271354 0.319907 0.008333 0.032407
16 0.494792 0.018981 0.012500 0.034259
16 0.553906 0.016667 0.016146 0.022222
16 0.945312 0.023611 0.010417 0.039815
16 0.927865 0.025463 0.004687 0.017593
16 0.962240 0.568056 0.009896 0.030556
17 0.238021 0.839352 0.045833 0.321296
17 0.834896 0.882407 0.025000 0.218519
17 0.675000 0.206481 0.025000 0.083333
17 0.715625 0.187500 0.019792 0.115741
17 0.758073 0.389352 0.040104 0.113889
17 0.776042 0.485648 0.018750 0.050926
17 0.801562 0.631019 0.025000 0.041667
17 0.827604 0.794444 0.019792 0.046296
17 0.243490 0.110185 0.024479 0.129630
17 0.310417 0.356019 0.021875 0.087963
17 0.441667 0.118056 0.027083 0.058333
17 0.354948 0.365278 0.013021 0.049074
17 0.535937 0.359722 0.019792 0.060185
17 0.506771 0.287037 0.015625 0.055556
17 0.482031 0.226852 0.010937 0.024074
17 0.954688 0.059259 0.018750 0.081481
17 0.720313 0.087500 0.008333 0.030556
17 0.842969 0.351852 0.010937 0.048148
16 0.832292 0.306481 0.019792 0.046296
16 0.812500 0.209722 0.022917 0.037963
16 0.835417 0.154630 0.023958 0.029630
18 0.762760 0.715741 0.126562 0.242593
18 0.765365 0.559259 0.089063 0.057407
18 0.921094 0.690278 0.132812 0.200926
18 0.935937 0.951389 0.100000 0.097222
18 0.709635 0.937963 0.065104 0.101852
18 0.608594 0.922222 0.045312 0.103704
18 0.029948 0.092130 0.040104 0.145370
18 0.033073 0.301389 0.057813 0.215741
18 0.144531 0.089352 0.134896 0.158333
18 0.147917 0.226389 0.156250 0.087963
18 0.189844 0.360648 0.119271 0.115741
18 0.223958 0.522685 0.072917 0.086111
18 0.244792 0.625463 0.079167 0.084259
18 0.152083 0.596759 0.058333 0.078704
18 0.278646 0.670370 0.028125 0.077778
18 0.338802 0.634259 0.074479 0.188889
18 0.434896 0.555556 0.075000 0.174074
18 0.335938 0.129167 0.105208 0.247222
18 0.441927 0.043519 0.085938 0.081481
18 0.525260 0.136574 0.041146 0.239815
18 0.641406 0.081019 0.126562 0.145370
18 0.437500 0.327778 0.110417 0.081481
18 0.291667 0.456481 0.062500 0.107407
18 0.621094 0.397222 0.113021 0.151852
18 0.621615 0.566204 0.158854 0.156481
18 0.533594 0.704630 0.052604 0.118519
18 0.944010 0.337500 0.101562 0.404630
18 0.808333 0.038426 0.117708 0.062037
18 0.709635 0.388426 0.049479 0.075000
