15 0.052865 0.587500 0.033854 0.087963
15 0.088281 0.621759 0.013021 0.032407
15 0.088802 0.510648 0.038021 0.087963
15 0.024479 0.446759 0.036458 0.043519
15 0.155729 0.487500 0.031250 0.054630
15 0.679167 0.922685 0.040625 0.052778
15 0.890365 0.853241 0.044271 0.062037
15 0.813802 0.948148 0.056771 0.055556
15 0.109375 0.378241 0.039583 0.013889
15 0.124219 0.336574 0.007812 0.062037
15 0.203385 0.561111 0.022396 0.016667
16 0.077344 0.826852 0.146354 0.333333
16 0.183854 0.860185 0.053125 0.266667
16 0.424479 0.912037 0.297917 0.159259
16 0.463542 0.762037 0.100000 0.105556
16 0.620833 0.768981 0.028125 0.180556
16 0.590365 0.850000 0.015104 0.209259
16 0.361198 0.462500 0.024479 0.030556
16 0.737500 0.494907 0.042708 0.052778
16 0.938021 0.894444 0.032292 0.048148
16 0.951562 0.037963 0.017708 0.046296
16 0.868229 0.333333 0.032292 0.055556
16 0.451562 0.302315 0.019792 0.041667
16 0.680469 0.861111 0.023438 0.057407
16 0.130469 0.067593 0.020313 0.025926
16 0.282031 0.148148 0.009896 0.059259
16 0.980469 0.015741 0.003646 0.014815
16 0.571615 0.017593 0.016146 0.024074
16 0.511198 0.027778 0.002604 0.003704
16 0.690104 0.271296 0.018750 0.029630
16 0.900781 0.525926 0.004687 0.009259
17 0.244010 0.862500 0.043229 0.275000
17 0.696615 0.832407 0.039062 0.096296
17 0.872135 0.893056 0.027604 0.208333
17 0.253906 0.125926 0.016146 0.138889
17 0.318229 0.350926 0.023958 0.072222
17 0.697917 0.218056 0.033333 0.073148
17 0.742448 0.206019 0.026562 0.084259
17 0.785677 0.416667 0.053646 0.142593
17 0.829688 0.638889 0.005208 0.012963
17 0.992448 0.037500 0.011979 0.073148
17 0.967448 0.028704 0.007812 0.055556
17 0.464583 0.121759 0.020833 0.073148
17 0.560156 0.360648 0.021354 0.034259
17 0.361198 0.388426 0.015104 0.076852
17 0.412240 0.229630 0.009896 0.059259
17 0.063021 0.204167 0.004167 0.084259
17 0.078646 0.108333 0.025000 0.064815
18 0.772396 0.732870 0.083333 0.234259
18 0.649219 0.406944 0.113021 0.180556
18 0.642708 0.594444 0.163542 0.140741
18 0.548958 0.713426 0.053125 0.087963
18 0.670833 0.728241 0.059375 0.100926
18 0.938802 0.698611 0.114062 0.178704
18 0.946354 0.963426 0.102083 0.073148
18 0.741146 0.948148 0.078125 0.087037
18 0.628385 0.937037 0.045312 0.098148
18 0.963021 0.364815 0.058333 0.475926
18 0.672917 0.090741 0.132292 0.174074
18 0.793229 0.048611 0.067708 0.082407
18 0.882031 0.037963 0.067187 0.046296
16 0.863542 0.169907 0.017708 0.041667
16 0.834115 0.217593 0.030729 0.035185
18 0.879948 0.448611 0.073438 0.136111
18 0.390104 0.031481 0.239583 0.057407
18 0.109896 0.022222 0.207292 0.042593
18 0.028125 0.238889 0.040625 0.312963
18 0.147135 0.193981 0.090104 0.156481
18 0.171615 0.168519 0.034896 0.248148
18 0.128385 0.202315 0.028646 0.132407
18 0.212240 0.377315 0.108854 0.082407
18 0.233333 0.630556 0.109375 0.090741
18 0.344531 0.652778 0.073438 0.177778
18 0.352344 0.177778 0.086979 0.229630
18 0.429167 0.137963 0.034375 0.111111
18 0.557552 0.217130 0.073438 0.119444
18 0.545312 0.083796 0.060417 0.089815
18 0.524479 0.450463 0.110417 0.145370
18 0.450521 0.587037 0.091667 0.151852
18 0.238542 0.257870 0.071875 0.112037
18 0.314583 0.488426 0.068750 0.126852
