15 0.080729 0.623148 0.034375 0.111111
15 0.112500 0.530556 0.033333 0.088889
15 0.111458 0.636111 0.018750 0.044444
15 0.036719 0.461574 0.023438 0.052778
15 0.018229 0.408333 0.018750 0.081481
15 0.185677 0.509259 0.032813 0.064815
15 0.130729 0.402778 0.044792 0.031481
15 0.152083 0.353704 0.015625 0.061111
15 0.755990 0.969444 0.046354 0.046296
15 0.890625 0.984722 0.048958 0.026852
15 0.984115 0.909722 0.030729 0.062037
15 0.985677 0.598611 0.016146 0.062037
15 0.415625 0.398148 0.019792 0.035185
16 0.120573 0.870833 0.238021 0.245370
16 0.114323 0.713426 0.117188 0.049074
16 0.481510 0.921296 0.367188 0.133333
16 0.503125 0.787963 0.087500 0.114815
16 0.692969 0.856019 0.038021 0.134259
16 0.983073 0.150463 0.028646 0.065741
16 0.956510 0.349537 0.015104 0.039815
16 0.642969 0.019444 0.042188 0.037037
16 0.493750 0.313426 0.030208 0.050926
16 0.319271 0.145370 0.013542 0.057407
16 0.161458 0.076389 0.017708 0.026852
16 0.062240 0.031019 0.007812 0.010185
16 0.325781 0.549074 0.016146 0.040741
16 0.459375 0.640741 0.019792 0.025926
16 0.472917 0.694907 0.027083 0.041667
16 0.400260 0.469907 0.018229 0.037963
16 0.460417 0.468519 0.034375 0.044444
16 0.579948 0.093981 0.010937 0.050926
16 0.862760 0.023148 0.006771 0.035185
16 0.951823 0.217593 0.024479 0.057407
16 0.955729 0.011111 0.015625 0.014815
16 0.929688 0.153241 0.018750 0.026852
16 0.046094 0.667593 0.022396 0.135185
17 0.015625 0.676852 0.028125 0.116667
17 0.268229 0.881944 0.050000 0.223148
17 0.777865 0.898611 0.036979 0.115741
17 0.887500 0.465278 0.056250 0.197222
17 0.798177 0.241667 0.035937 0.079630
17 0.835417 0.224074 0.020833 0.070370
17 0.969271 0.395833 0.038542 0.043519
17 0.278125 0.048611 0.012500 0.069444
17 0.294531 0.132407 0.018229 0.148148
17 0.089063 0.206481 0.008333 0.053704
17 0.355729 0.383796 0.018750 0.060185
17 0.281250 0.478704 0.013542 0.062963
17 0.460938 0.155093 0.015625 0.063889
17 0.464583 0.234722 0.015625 0.075000
17 0.548438 0.137500 0.021875 0.075000
17 0.628125 0.399074 0.026042 0.055556
17 0.592448 0.260185 0.013021 0.033333
17 0.649219 0.614815 0.016146 0.068519
17 0.107031 0.117130 0.022396 0.067593
18 0.774479 0.099537 0.187500 0.195370
18 0.912760 0.045370 0.067187 0.070370
18 0.891667 0.302315 0.109375 0.076852
18 0.989323 0.252315 0.021354 0.106481
18 0.966927 0.500000 0.041146 0.127778
15 0.902083 0.832407 0.136458 0.187037
18 0.705729 0.969907 0.039583 0.054630
18 0.392708 0.687963 0.110417 0.151852
18 0.518490 0.546759 0.119271 0.112037
18 0.542708 0.656019 0.072917 0.104630
18 0.635417 0.743981 0.077083 0.163889
18 0.746354 0.610648 0.137500 0.191667
18 0.763542 0.776389 0.063542 0.117593
18 0.737500 0.423611 0.177083 0.175000
18 0.561719 0.355093 0.094271 0.099074
18 0.538021 0.452778 0.112500 0.057407
18 0.458854 0.038889 0.287500 0.061111
18 0.641667 0.170370 0.080208 0.201852
18 0.164323 0.024074 0.095312 0.042593
18 0.237240 0.127778 0.072396 0.116667
18 0.164062 0.225926 0.064583 0.140741
18 0.252083 0.254630 0.061458 0.074074
18 0.245052 0.381019 0.125521 0.110185
18 0.389844 0.210648 0.100521 0.176852
18 0.028125 0.142130 0.051042 0.282407
18 0.101302 0.329630 0.055729 0.105556
18 0.076302 0.438426 0.041146 0.076852
18 0.049219 0.355093 0.033854 0.082407
18 0.135417 0.446759 0.034375 0.071296
18 0.177604 0.611111 0.069792 0.068519
18 0.287500 0.659259 0.071875 0.077778
18 0.243229 0.534259 0.044792 0.070370
18 0.548958 0.281481 0.038542 0.048148
15 0.899219 0.620370 0.088021 0.074074
15 0.900000 0.704167 0.080208 0.062037
