15 0.128646 0.553704 0.047917 0.094444
15 0.095833 0.634259 0.030208 0.083333
15 0.128125 0.654167 0.021875 0.039815
15 0.201302 0.525926 0.022396 0.053704
15 0.052344 0.479167 0.032813 0.052778
15 0.029948 0.429167 0.029687 0.084259
15 0.252604 0.603241 0.011458 0.034259
15 0.424219 0.385648 0.015104 0.041667
15 0.465365 0.400926 0.024479 0.068519
15 0.810417 0.984722 0.018750 0.017593
15 0.011198 0.318981 0.009896 0.026852
15 0.028125 0.306019 0.006250 0.028704
15 0.029427 0.358333 0.014063 0.044444
15 0.148177 0.413426 0.048438 0.034259
16 0.128125 0.895370 0.245833 0.209259
16 0.125781 0.741204 0.120313 0.073148
16 0.532031 0.937037 0.399479 0.100000
16 0.541667 0.851852 0.160417 0.079630
16 0.529167 0.760648 0.072917 0.080556
16 0.871615 0.794907 0.021354 0.058333
16 0.761719 0.790741 0.022396 0.031481
16 0.802083 0.903241 0.033333 0.065741
16 0.753906 0.903704 0.028646 0.081481
16 0.674740 0.013889 0.015104 0.024074
16 0.522917 0.323148 0.018750 0.051852
15 0.172135 0.359259 0.018229 0.055556
15 0.237500 0.322222 0.013542 0.027778
16 0.985156 0.153241 0.015104 0.043519
16 0.336719 0.159722 0.008854 0.039815
16 0.175000 0.083333 0.021875 0.022222
16 0.077865 0.031019 0.008854 0.034259
16 0.343229 0.563426 0.018750 0.058333
16 0.483333 0.673148 0.013542 0.057407
16 0.478906 0.486111 0.020313 0.031481
17 0.294010 0.883333 0.059896 0.211111
17 0.771354 0.777778 0.025000 0.068519
17 0.844271 0.932407 0.040625 0.103704
17 0.955208 0.488426 0.061458 0.225000
17 0.861979 0.262500 0.037500 0.104630
17 0.898698 0.225463 0.033854 0.063889
17 0.381510 0.416204 0.023438 0.097222
17 0.309896 0.059722 0.031250 0.108333
17 0.501823 0.168056 0.014063 0.073148
17 0.108594 0.218056 0.028646 0.063889
17 0.121875 0.121759 0.025000 0.050926
17 0.301042 0.495370 0.013542 0.083333
17 0.314844 0.209722 0.016146 0.028704
17 0.342708 0.270370 0.014583 0.083333
17 0.457292 0.636111 0.020833 0.083333
17 0.684896 0.418056 0.027083 0.078704
17 0.611458 0.139815 0.032292 0.079630
17 0.632031 0.270370 0.018229 0.025926
17 0.898698 0.964352 0.025521 0.049074
18 0.939063 0.768519 0.106250 0.296296
18 0.957812 0.962500 0.059375 0.075000
18 0.415625 0.713889 0.096875 0.185185
18 0.298698 0.691204 0.120313 0.084259
18 0.178125 0.635185 0.036458 0.072222
18 0.390885 0.525926 0.067187 0.075926
18 0.523438 0.578704 0.106250 0.101852
18 0.601302 0.683333 0.093229 0.081481
18 0.615104 0.368519 0.110417 0.096296
18 0.685156 0.540278 0.152604 0.121296
18 0.838281 0.453241 0.114062 0.119444
18 0.823698 0.660648 0.139063 0.110185
18 0.577344 0.041204 0.178646 0.075000
18 0.848698 0.100463 0.185938 0.173148
18 0.976562 0.049537 0.045833 0.065741
18 0.942187 0.319907 0.072917 0.082407
18 0.738281 0.383796 0.061979 0.076852
18 0.415885 0.048148 0.141146 0.092593
18 0.441146 0.213889 0.119792 0.187037
18 0.550521 0.112500 0.070833 0.204630
18 0.211458 0.033333 0.157292 0.062963
18 0.257292 0.157870 0.078125 0.180556
18 0.182292 0.186111 0.078125 0.079630
18 0.104427 0.328704 0.099479 0.085185
18 0.040885 0.092593 0.079687 0.175926
18 0.233333 0.426852 0.059375 0.127778
18 0.316927 0.364815 0.050521 0.198148
18 0.534115 0.486574 0.045312 0.065741
18 0.111458 0.464815 0.063542 0.057407
18 0.695573 0.685185 0.093229 0.187037
18 0.680990 0.822222 0.044271 0.072222
18 0.961458 0.250463 0.052083 0.069444
18 0.763542 0.269444 0.101042 0.077778
18 0.708854 0.156481 0.063542 0.148148
18 0.589844 0.275926 0.046354 0.064815
