15 0.119531 0.648148 0.049479 0.100000
15 0.148438 0.563426 0.047917 0.087963
15 0.226562 0.543981 0.038542 0.075000
15 0.184375 0.425926 0.076042 0.037037
15 0.065365 0.475000 0.033854 0.048148
15 0.011458 0.428241 0.021875 0.076852
15 0.040885 0.413426 0.016146 0.058333
15 0.035417 0.326389 0.026042 0.050926
15 0.206250 0.360185 0.021875 0.048148
15 0.479948 0.391204 0.034896 0.039815
15 0.404948 0.610648 0.010937 0.028704
15 0.291406 0.627315 0.022396 0.030556
15 0.254427 0.701389 0.017188 0.041667
16 0.112500 0.879630 0.216667 0.218519
16 0.140365 0.737037 0.146354 0.066667
16 0.071615 0.663889 0.038021 0.062963
16 0.250260 0.890278 0.049479 0.200926
16 0.588802 0.954167 0.454688 0.087963
16 0.590625 0.860185 0.166667 0.068519
16 0.557292 0.778704 0.059375 0.081481
16 0.512500 0.450000 0.021875 0.064815
16 0.806510 0.018981 0.081771 0.036111
16 0.203125 0.067130 0.031250 0.023148
16 0.371615 0.538889 0.014063 0.031481
16 0.386979 0.583333 0.007292 0.040741
16 0.830990 0.949074 0.017188 0.074074
16 0.875781 0.941667 0.011979 0.068519
16 0.988021 0.856019 0.022917 0.076852
16 0.902865 0.314815 0.031771 0.053704
16 0.422135 0.144907 0.009896 0.026852
16 0.601302 0.152315 0.016146 0.045370
16 0.426302 0.263426 0.025521 0.036111
16 0.118750 0.035648 0.020833 0.050926
16 0.619531 0.633796 0.028646 0.043519
16 0.646354 0.553704 0.017708 0.050000
16 0.513021 0.669444 0.023958 0.057407
17 0.027083 0.665278 0.043750 0.189815
17 0.315104 0.897685 0.057292 0.200926
17 0.878906 0.869907 0.023438 0.056481
17 0.916667 0.960185 0.050000 0.070370
17 0.981771 0.284259 0.036458 0.112963
17 0.137240 0.218056 0.030729 0.073148
17 0.373958 0.068519 0.013542 0.051852
17 0.358854 0.212037 0.012500 0.068519
17 0.304167 0.304630 0.010417 0.050000
17 0.423177 0.412963 0.015104 0.046296
17 0.339062 0.487037 0.019792 0.079630
17 0.473698 0.443519 0.022396 0.050000
17 0.522917 0.089815 0.016667 0.048148
17 0.574219 0.150926 0.017188 0.070370
17 0.733854 0.149074 0.016667 0.092593
17 0.747396 0.290278 0.036458 0.039815
17 0.794792 0.486111 0.033333 0.053704
17 0.797656 0.664815 0.027604 0.066667
18 0.457813 0.748611 0.091667 0.197222
18 0.341927 0.724074 0.093229 0.083333
18 0.683594 0.740278 0.158854 0.132407
18 0.758073 0.863426 0.106771 0.093519
18 0.924479 0.708796 0.137500 0.199074
18 0.948177 0.505556 0.092188 0.209259
18 0.851302 0.394907 0.094271 0.082407
18 0.870313 0.539352 0.070833 0.119444
18 0.733854 0.402315 0.103125 0.158333
18 0.707031 0.594907 0.081771 0.143519
18 0.940365 0.111111 0.114062 0.220370
18 0.821875 0.150000 0.110417 0.148148
18 0.830208 0.275000 0.071875 0.066667
18 0.658073 0.046759 0.206771 0.086111
18 0.674740 0.197685 0.094271 0.212037
18 0.640625 0.405556 0.063542 0.142593
18 0.587760 0.539352 0.079687 0.084259
18 0.562760 0.638889 0.046354 0.070370
18 0.492448 0.242593 0.097396 0.196296
18 0.439063 0.030093 0.193750 0.049074
18 0.466667 0.087500 0.052083 0.049074
18 0.257552 0.025926 0.150521 0.044444
18 0.311979 0.114815 0.080208 0.101852
18 0.221094 0.169907 0.101562 0.115741
18 0.051823 0.037500 0.102604 0.067593
18 0.066667 0.131481 0.119792 0.092593
18 0.062240 0.175463 0.081771 0.056481
18 0.072656 0.229167 0.043229 0.143519
18 0.134635 0.353704 0.107813 0.083333
18 0.189583 0.484259 0.045833 0.070370
18 0.107552 0.449537 0.041146 0.063889
18 0.090365 0.563426 0.041146 0.043519
18 0.295833 0.565278 0.018750 0.039815
18 0.284375 0.432407 0.073958 0.116667
18 0.259896 0.285648 0.083333 0.087963
18 0.376563 0.371759 0.038542 0.193519
18 0.935937 0.858333 0.056250 0.092593
18 0.436198 0.539815 0.066146 0.092593
