15 0.134635 0.664815 0.035937 0.109259
15 0.170313 0.572222 0.046875 0.092593
15 0.077083 0.494444 0.027083 0.059259
15 0.019010 0.440741 0.029687 0.081481
15 0.250000 0.559259 0.031250 0.092593
15 0.280729 0.725926 0.027083 0.059259
15 0.172656 0.691204 0.022396 0.049074
15 0.197396 0.437037 0.052083 0.033333
15 0.226823 0.383796 0.008854 0.058333
15 0.487240 0.390741 0.016146 0.037037
15 0.426563 0.631019 0.013542 0.039815
15 0.327604 0.650000 0.017708 0.024074
15 0.043750 0.334259 0.017708 0.031481
15 0.065625 0.322222 0.018750 0.046296
16 0.155729 0.904167 0.306250 0.191667
16 0.164062 0.762963 0.156250 0.081481
16 0.092708 0.681481 0.045833 0.068519
16 0.013021 0.728704 0.013542 0.153704
16 0.594792 0.960648 0.440625 0.075000
16 0.642969 0.876389 0.179688 0.058333
16 0.590104 0.789815 0.053125 0.103704
16 0.669271 0.656944 0.022917 0.050926
16 0.653125 0.766204 0.023958 0.123148
16 0.892969 0.949074 0.034896 0.074074
16 0.977604 0.312500 0.028125 0.076852
16 0.885938 0.014815 0.064583 0.025926
16 0.450260 0.143519 0.017188 0.033333
16 0.400781 0.553704 0.009896 0.033333
16 0.736719 0.527315 0.054688 0.028704
16 0.686458 0.577778 0.018750 0.064815
16 0.509115 0.479630 0.008854 0.031481
16 0.461198 0.265278 0.008854 0.039815
16 0.537240 0.664815 0.013021 0.038889
16 0.517969 0.620833 0.028646 0.039815
16 0.645052 0.157870 0.020313 0.043519
16 0.609635 0.352778 0.014063 0.059259
17 0.045312 0.690741 0.031250 0.209259
17 0.340104 0.898611 0.034375 0.193519
17 0.965104 0.960185 0.025000 0.075926
17 0.873958 0.651389 0.040625 0.206481
17 0.824740 0.164815 0.024479 0.101852
17 0.824479 0.305556 0.040625 0.048148
17 0.527344 0.420833 0.032813 0.041667
17 0.372396 0.520833 0.025000 0.099074
17 0.298698 0.558333 0.016146 0.068519
17 0.407031 0.658333 0.013021 0.044444
17 0.930208 0.721296 0.012500 0.046296
17 0.412500 0.058333 0.018750 0.048148
17 0.387760 0.217130 0.014063 0.043519
17 0.567708 0.090278 0.026042 0.028704
17 0.616667 0.130093 0.017708 0.025000
17 0.151562 0.231019 0.016667 0.075000
17 0.187500 0.132407 0.014583 0.020370
17 0.316927 0.320833 0.016146 0.034259
17 0.429948 0.327778 0.016146 0.048148
17 0.460417 0.443056 0.007292 0.037963
18 0.889583 0.427778 0.203125 0.161111
18 0.948958 0.602778 0.084375 0.150000
18 0.976562 0.825000 0.033333 0.231481
18 0.755469 0.779167 0.153646 0.110185
18 0.773958 0.670370 0.126042 0.098148
18 0.780469 0.577778 0.089063 0.068519
18 0.767969 0.054167 0.168229 0.093519
18 0.965104 0.134722 0.064583 0.245370
18 0.889583 0.237037 0.071875 0.168519
18 0.741406 0.228241 0.115104 0.189815
18 0.723958 0.412037 0.092708 0.151852
18 0.612500 0.584259 0.105208 0.107407
18 0.483854 0.763889 0.121875 0.159259
18 0.382552 0.737037 0.042188 0.092593
18 0.461719 0.555556 0.061979 0.120370
18 0.548177 0.245833 0.126562 0.206481
18 0.580729 0.418981 0.057292 0.121296
18 0.495312 0.032407 0.152083 0.062963
18 0.351302 0.118056 0.092188 0.176852
18 0.359896 0.282407 0.061458 0.120370
18 0.387760 0.425926 0.046354 0.072222
18 0.305469 0.441204 0.094271 0.134259
18 0.188802 0.353241 0.074479 0.095370
18 0.119271 0.337500 0.050000 0.125000
18 0.249479 0.136111 0.102083 0.268519
18 0.263542 0.328704 0.033333 0.077778
18 0.053385 0.077778 0.101562 0.153704
16 0.130469 0.018981 0.013021 0.030556
18 0.140625 0.121296 0.053125 0.100000
18 0.121094 0.300926 0.030729 0.146296
18 0.044531 0.241667 0.041146 0.066667
18 0.014583 0.342130 0.018750 0.067593
18 0.320052 0.869907 0.017188 0.043519
18 0.895052 0.832407 0.068229 0.140741
18 0.838021 0.909722 0.026042 0.110185
18 0.605469 0.695370 0.054688 0.066667
18 0.431250 0.213889 0.026042 0.033333
