15 0.152604 0.688889 0.059375 0.101852
15 0.183594 0.594444 0.042188 0.088889
15 0.021354 0.464352 0.039583 0.058333
15 0.268229 0.578704 0.027083 0.074074
15 0.059896 0.364815 0.019792 0.057407
15 0.010156 0.396296 0.017188 0.035185
15 0.305990 0.755093 0.021354 0.043519
15 0.452865 0.651852 0.022396 0.044444
15 0.214062 0.462963 0.056250 0.033333
15 0.599219 0.551852 0.019271 0.035185
15 0.522396 0.400463 0.017708 0.039815
15 0.094531 0.516204 0.032813 0.076852
16 0.131250 0.909722 0.260417 0.167593
16 0.178385 0.789352 0.152604 0.073148
16 0.292448 0.919444 0.053646 0.150000
16 0.607292 0.966667 0.428125 0.057407
16 0.625260 0.836574 0.052604 0.132407
16 0.706510 0.813889 0.032813 0.164815
16 0.667448 0.877778 0.019271 0.072222
16 0.803646 0.531481 0.032292 0.051852
16 0.764583 0.553704 0.018750 0.042593
16 0.725000 0.690278 0.047917 0.054630
16 0.953125 0.012963 0.026042 0.024074
16 0.988021 0.074537 0.016667 0.028704
16 0.492708 0.283796 0.030208 0.065741
16 0.482031 0.152315 0.014063 0.028704
16 0.681510 0.162963 0.008854 0.044444
16 0.151562 0.029167 0.012500 0.037963
16 0.418229 0.551389 0.025000 0.032407
16 0.550260 0.650463 0.008854 0.025000
16 0.014063 0.718981 0.025000 0.195370
16 0.104427 0.708796 0.042188 0.078704
17 0.055208 0.719907 0.051042 0.208333
17 0.359635 0.928241 0.049479 0.139815
17 0.897917 0.339352 0.032292 0.073148
17 0.921094 0.172222 0.021354 0.103704
17 0.926562 0.331481 0.010417 0.057407
17 0.173958 0.242593 0.037500 0.077778
17 0.393490 0.527315 0.017188 0.095370
17 0.420052 0.226852 0.018229 0.055556
17 0.406250 0.383796 0.011458 0.041667
17 0.464844 0.370370 0.018229 0.085185
17 0.459635 0.619444 0.018229 0.014815
17 0.020833 0.261111 0.026042 0.048148
17 0.544010 0.472222 0.014063 0.024074
17 0.572917 0.414815 0.019792 0.042593
17 0.584896 0.702315 0.016667 0.043519
17 0.597396 0.090278 0.016667 0.028704
17 0.441406 0.062963 0.016146 0.051852
17 0.211198 0.152315 0.011979 0.045370
17 0.275521 0.505093 0.012500 0.025000
17 0.845313 0.564352 0.035417 0.041667
17 0.972396 0.673611 0.017708 0.241667
18 0.847396 0.766204 0.158333 0.225000
18 0.890625 0.943981 0.121875 0.112037
18 0.982812 0.874537 0.031250 0.123148
18 0.927865 0.461111 0.128646 0.151852
18 0.920312 0.600926 0.096875 0.074074
18 0.677865 0.632870 0.085938 0.169444
18 0.534896 0.800463 0.106250 0.175000
18 0.391667 0.772685 0.112500 0.123148
18 0.515104 0.585185 0.089583 0.137037
18 0.826042 0.147685 0.163542 0.284259
18 0.749219 0.427778 0.106771 0.148148
18 0.840365 0.356019 0.057813 0.071296
18 0.596875 0.024074 0.238542 0.046296
18 0.602344 0.237037 0.150521 0.220370
18 0.626563 0.424537 0.046875 0.104630
18 0.742448 0.423611 0.085938 0.117593
18 0.439844 0.458333 0.082812 0.094444
18 0.339062 0.451389 0.131250 0.132407
18 0.284115 0.257870 0.111979 0.156481
18 0.202083 0.383796 0.071875 0.121296
18 0.239583 0.677315 0.037500 0.112037
18 0.377865 0.645370 0.088021 0.101852
18 0.303385 0.656944 0.026562 0.050926
18 0.294010 0.811574 0.034896 0.050926
18 0.673958 0.788426 0.019792 0.087963
18 0.120573 0.361111 0.064062 0.092593
18 0.370573 0.091667 0.113021 0.181481
18 0.256250 0.046759 0.103125 0.091667
18 0.280469 0.141204 0.059896 0.076852
18 0.065365 0.050463 0.119271 0.099074
18 0.098177 0.156944 0.133854 0.089815
18 0.102083 0.212963 0.069792 0.127778
18 0.121354 0.245833 0.060417 0.062037
18 0.146875 0.506481 0.044792 0.066667
18 0.108594 0.452315 0.048438 0.050926
18 0.409635 0.308796 0.099479 0.086111
18 0.712240 0.242593 0.061979 0.122222
18 0.800781 0.604630 0.048438 0.074074
18 0.485156 0.780556 0.024479 0.107407
