15 0.178906 0.709259 0.048438 0.124074
15 0.216667 0.618519 0.055208 0.096296
15 0.309375 0.609722 0.032292 0.119444
15 0.034896 0.475000 0.054167 0.061111
15 0.012760 0.396759 0.024479 0.060185
15 0.083594 0.361574 0.036979 0.063889
15 0.110417 0.518519 0.032292 0.077778
15 0.240365 0.472685 0.050521 0.039815
15 0.333073 0.771759 0.028646 0.050926
15 0.384896 0.694907 0.025000 0.041667
15 0.505729 0.678241 0.013542 0.036111
16 0.158333 0.917593 0.311458 0.164815
16 0.337760 0.940278 0.035937 0.097222
16 0.262500 0.802778 0.065625 0.068519
16 0.018229 0.736574 0.028125 0.191667
16 0.162240 0.810185 0.105729 0.048148
16 0.117969 0.735185 0.056771 0.096296
16 0.687240 0.904167 0.067187 0.173148
16 0.783073 0.943519 0.107813 0.077778
16 0.805729 0.832407 0.053125 0.137037
16 0.817448 0.732870 0.051562 0.052778
16 0.843490 0.581944 0.047396 0.063889
16 0.830469 0.673611 0.021354 0.065741
16 0.837240 0.144444 0.024479 0.035185
16 0.406510 0.026389 0.014063 0.037963
16 0.466406 0.552778 0.027604 0.044444
16 0.549219 0.294444 0.035937 0.051852
16 0.554948 0.223611 0.016146 0.017593
16 0.558333 0.152315 0.005208 0.010185
17 0.064323 0.722222 0.048438 0.211111
17 0.399219 0.918981 0.028646 0.143519
17 0.232031 0.258796 0.027604 0.076852
17 0.326302 0.356019 0.024479 0.043519
17 0.453906 0.487500 0.017188 0.050926
17 0.365885 0.609722 0.022396 0.058333
17 0.482552 0.699074 0.020313 0.046296
17 0.633073 0.462037 0.023438 0.040741
17 0.914062 0.579630 0.017708 0.055556
17 0.042448 0.264352 0.031771 0.037963
17 0.414323 0.287037 0.009896 0.024074
17 0.197396 0.259722 0.029167 0.063889
15 0.536198 0.038426 0.022396 0.062037
17 0.266406 0.158796 0.016146 0.041667
18 0.928125 0.837500 0.130208 0.249074
18 0.848698 0.469907 0.160938 0.137963
18 0.728906 0.676852 0.090104 0.177778
18 0.579948 0.601852 0.109896 0.129630
18 0.586458 0.827315 0.122917 0.191667
18 0.460417 0.802315 0.098958 0.099074
18 0.382812 0.777315 0.040625 0.078704
18 0.274219 0.719907 0.072396 0.058333
18 0.089063 0.584259 0.047917 0.037037
18 0.130469 0.638426 0.029687 0.049074
18 0.020313 0.127778 0.037500 0.240741
18 0.933594 0.161574 0.132812 0.321296
18 0.963802 0.530556 0.064062 0.351852
18 0.896615 0.673611 0.049479 0.087963
18 0.710156 0.274537 0.154688 0.234259
18 0.829948 0.343056 0.071354 0.375000
18 0.897396 0.471759 0.045833 0.160185
18 0.696875 0.478704 0.078125 0.116667
18 0.512240 0.470833 0.061979 0.104630
18 0.377865 0.475926 0.122396 0.138889
18 0.404687 0.616204 0.046875 0.075000
18 0.453385 0.649537 0.030729 0.052778
18 0.475781 0.165278 0.097396 0.210185
18 0.470313 0.019444 0.077083 0.035185
18 0.297135 0.026852 0.172396 0.050000
16 0.200000 0.030556 0.014583 0.033333
18 0.138542 0.024537 0.060417 0.047222
18 0.070312 0.027778 0.045833 0.040741
18 0.153646 0.133333 0.150000 0.127778
18 0.144010 0.306481 0.056771 0.138889
18 0.241146 0.387037 0.058333 0.105556
18 0.342708 0.161111 0.084375 0.187037
18 0.363542 0.292593 0.037500 0.101852
18 0.268229 0.253241 0.027083 0.063889
18 0.165104 0.496296 0.046875 0.090741
18 0.087760 0.301389 0.043229 0.065741
18 0.029167 0.327315 0.045833 0.075000
18 0.027604 0.573611 0.029167 0.060185
18 0.097917 0.433796 0.013542 0.039815
18 0.461719 0.320833 0.089063 0.100926
18 0.564583 0.390278 0.054167 0.080556
18 0.779948 0.071296 0.152604 0.127778
18 0.606250 0.043056 0.125000 0.084259
18 0.608333 0.174074 0.053125 0.142593
18 0.550260 0.115741 0.039062 0.044444
18 0.660677 0.636111 0.026562 0.140741
18 0.202344 0.349074 0.029687 0.081481
