15 0.053385 0.488889 0.054688 0.083333
15 0.019010 0.416667 0.027604 0.050000
15 0.194271 0.741204 0.028125 0.121296
15 0.234115 0.746759 0.030729 0.084259
15 0.240104 0.644907 0.038542 0.106481
15 0.211719 0.668056 0.026562 0.054630
15 0.336979 0.624537 0.026042 0.108333
15 0.135417 0.549537 0.046875 0.086111
15 0.107292 0.373148 0.033333 0.059259
15 0.010156 0.517130 0.009896 0.034259
15 0.547396 0.426389 0.025000 0.039815
15 0.525260 0.698611 0.010937 0.041667
15 0.368750 0.806019 0.034375 0.039815
15 0.416406 0.708796 0.021354 0.043519
15 0.579167 0.041667 0.019792 0.046296
16 0.180729 0.926389 0.331250 0.143519
16 0.142969 0.775926 0.064062 0.142593
19 0.030729 0.687963 0.028125 0.112963
16 0.301563 0.827778 0.069792 0.057407
16 0.376042 0.965741 0.041667 0.068519
16 0.738802 0.910648 0.075521 0.162037
16 0.676823 0.980093 0.028646 0.034259
16 0.876302 0.898611 0.088021 0.184259
16 0.901823 0.604167 0.049479 0.082407
16 0.897917 0.738889 0.039583 0.125926
16 0.861458 0.768981 0.015625 0.052778
16 0.808333 0.972222 0.018750 0.055556
16 0.439844 0.037963 0.025521 0.068519
16 0.236458 0.029630 0.013542 0.044444
16 0.902344 0.128241 0.008854 0.054630
16 0.595573 0.306481 0.027604 0.064815
16 0.508854 0.583796 0.028125 0.056481
16 0.009635 0.575926 0.018229 0.055556
16 0.036458 0.808796 0.046875 0.063889
17 0.077083 0.699074 0.041667 0.116667
17 0.086458 0.802778 0.031250 0.064815
17 0.437500 0.925000 0.031250 0.062963
17 0.501302 0.517130 0.020313 0.058333
17 0.388542 0.632870 0.014583 0.073148
17 0.481771 0.642593 0.006250 0.083333
17 0.255990 0.277315 0.034896 0.075000
17 0.051302 0.291204 0.022396 0.019444
17 0.039323 0.421296 0.006771 0.027778
17 0.120833 0.474074 0.012500 0.020370
17 0.253906 0.034722 0.008854 0.052778
17 0.215885 0.060648 0.017188 0.039815
17 0.347917 0.359259 0.018750 0.068519
17 0.683594 0.468981 0.022396 0.030556
17 0.654427 0.525000 0.013021 0.020370
17 0.689063 0.747685 0.013542 0.015741
16 0.778906 0.433796 0.024479 0.039815
15 0.687760 0.510648 0.023438 0.034259
18 0.884896 0.038889 0.216667 0.074074
18 0.957812 0.225000 0.084375 0.253704
18 0.822917 0.218056 0.148958 0.256481
18 0.683073 0.042130 0.170313 0.073148
18 0.661198 0.162037 0.170313 0.138889
18 0.690104 0.340741 0.097917 0.185185
18 0.782813 0.698611 0.121875 0.156481
18 0.917188 0.470833 0.144792 0.163889
18 0.960677 0.786574 0.058854 0.426852
18 0.638542 0.641667 0.110417 0.155556
18 0.628125 0.856481 0.122917 0.203704
18 0.525000 0.837037 0.077083 0.159259
18 0.447656 0.828241 0.029687 0.052778
18 0.411979 0.501852 0.094792 0.159259
18 0.390885 0.304167 0.094271 0.165741
18 0.358854 0.094907 0.091667 0.169444
18 0.294531 0.415741 0.068229 0.103704
18 0.293490 0.566204 0.055729 0.086111
18 0.291406 0.743056 0.049479 0.063889
18 0.379688 0.880093 0.037500 0.054630
18 0.288021 0.679167 0.021875 0.060185
18 0.147656 0.652778 0.036979 0.098148
18 0.072135 0.591204 0.084896 0.060185
18 0.172656 0.379167 0.082812 0.121296
18 0.236979 0.398148 0.032292 0.124074
18 0.210938 0.547222 0.052083 0.059259
18 0.033073 0.131019 0.057813 0.234259
18 0.170573 0.154630 0.159896 0.122222
18 0.127865 0.037500 0.141146 0.067593
18 0.147396 0.279167 0.122917 0.084259
18 0.284635 0.133796 0.043229 0.132407
18 0.403125 0.291667 0.057292 0.151852
18 0.533594 0.332407 0.111979 0.140741
18 0.558594 0.525000 0.061979 0.107407
18 0.440625 0.643981 0.057292 0.060185
18 0.757031 0.528241 0.074479 0.097222
