15 0.221615 0.750000 0.033854 0.135185
15 0.258073 0.774074 0.040104 0.094444
15 0.257812 0.653704 0.045833 0.105556
15 0.063542 0.510185 0.066667 0.083333
15 0.029948 0.425463 0.040104 0.060185
15 0.147396 0.551389 0.040625 0.086111
15 0.022656 0.532870 0.022396 0.052778
15 0.117448 0.388426 0.032813 0.067593
15 0.275521 0.507407 0.022917 0.046296
15 0.272917 0.560185 0.012500 0.029630
15 0.363021 0.643981 0.031250 0.115741
15 0.397917 0.818056 0.031250 0.067593
15 0.452344 0.736574 0.033854 0.037963
15 0.708073 0.502778 0.029687 0.042593
16 0.036458 0.900463 0.064583 0.199074
16 0.228385 0.938426 0.284896 0.119444
16 0.153906 0.804630 0.059896 0.135185
16 0.311719 0.837037 0.049479 0.083333
16 0.951302 0.871296 0.079687 0.231481
16 0.784635 0.918056 0.085938 0.154630
16 0.878906 0.978241 0.058854 0.043519
16 0.545833 0.587500 0.021875 0.028704
16 0.936458 0.593056 0.017708 0.045370
16 0.953125 0.715741 0.040625 0.061111
16 0.645833 0.314352 0.028125 0.034259
16 0.400781 0.971759 0.036979 0.052778
16 0.024479 0.604167 0.015625 0.063889
16 0.041927 0.694907 0.023438 0.049074
16 0.050521 0.770833 0.018750 0.043519
16 0.112760 0.698611 0.028646 0.041667
17 0.081250 0.713426 0.026042 0.113889
17 0.096615 0.819444 0.035937 0.092593
17 0.538542 0.523611 0.025000 0.071296
17 0.573177 0.706944 0.027604 0.056481
17 0.464844 0.941667 0.023438 0.055556
17 0.727604 0.238426 0.015625 0.037963
17 0.285156 0.038889 0.023438 0.057407
17 0.635156 0.025463 0.022396 0.049074
17 0.375260 0.359259 0.033854 0.094444
17 0.116406 0.244444 0.016146 0.094444
17 0.274219 0.278704 0.022396 0.083333
17 0.140365 0.478241 0.011979 0.037963
17 0.418750 0.638889 0.011458 0.035185
17 0.516667 0.638426 0.011458 0.062037
17 0.497135 0.746759 0.023438 0.049074
17 0.682031 0.556481 0.009896 0.044444
17 0.595052 0.257870 0.028646 0.060185
17 0.328125 0.037963 0.028125 0.068519
17 0.245833 0.056481 0.019792 0.092593
17 0.246354 0.287500 0.020833 0.075000
18 0.854688 0.073148 0.290625 0.135185
18 0.877604 0.251852 0.240625 0.211111
18 0.944792 0.473148 0.103125 0.185185
18 0.848698 0.721296 0.121354 0.209259
18 0.698177 0.673611 0.133854 0.149074
18 0.662500 0.882870 0.138542 0.212037
18 0.532552 0.879630 0.114062 0.174074
18 0.604948 0.530093 0.073438 0.158333
18 0.660417 0.402778 0.085417 0.088889
18 0.562240 0.106481 0.106771 0.203704
18 0.386719 0.094444 0.053646 0.161111
18 0.461979 0.095833 0.051042 0.171296
18 0.403906 0.248148 0.110937 0.096296
18 0.426042 0.282407 0.034375 0.150000
18 0.454427 0.499537 0.101562 0.199074
18 0.483073 0.665741 0.043229 0.100000
18 0.397917 0.684722 0.031250 0.075000
18 0.158854 0.665741 0.037500 0.055556
18 0.086198 0.608796 0.068229 0.047222
18 0.196094 0.392593 0.079687 0.087037
18 0.296094 0.429167 0.068229 0.106481
18 0.213542 0.166667 0.055208 0.127778
18 0.185417 0.045370 0.058333 0.062963
18 0.043750 0.115741 0.086458 0.229630
18 0.123958 0.099537 0.058333 0.178704
18 0.050260 0.349537 0.075521 0.078704
18 0.556510 0.328704 0.060937 0.161111
18 0.810677 0.527778 0.070312 0.140741
18 0.745573 0.413426 0.061979 0.093519
18 0.760938 0.796296 0.045833 0.055556
18 0.450000 0.844444 0.038542 0.090741
18 0.401823 0.907870 0.042188 0.052778
18 0.324479 0.581944 0.051042 0.108333
18 0.319010 0.716667 0.044271 0.116667
18 0.283073 0.146759 0.059896 0.104630
18 0.314583 0.263889 0.033333 0.070370
18 0.182552 0.289352 0.083854 0.076852
