15 0.239063 0.784722 0.045833 0.130556
15 0.278646 0.793056 0.023958 0.075000
15 0.285677 0.673611 0.056771 0.100926
15 0.247396 0.693519 0.018750 0.044444
15 0.162760 0.563889 0.036979 0.070370
15 0.077083 0.513426 0.062500 0.073148
15 0.030729 0.536111 0.018750 0.050000
15 0.039323 0.441204 0.025521 0.045370
15 0.008854 0.403704 0.014583 0.042593
15 0.010937 0.463426 0.013542 0.037963
15 0.011198 0.507870 0.009896 0.030556
15 0.123698 0.398148 0.026562 0.051852
15 0.297135 0.521759 0.018229 0.043519
15 0.291146 0.571759 0.020833 0.028704
15 0.391927 0.675463 0.029687 0.119444
15 0.421875 0.850000 0.022917 0.053704
15 0.474219 0.759722 0.029687 0.034259
15 0.551562 0.442130 0.023958 0.052778
16 0.043490 0.897222 0.067187 0.196296
16 0.131250 0.774074 0.031250 0.098148
16 0.192969 0.865278 0.053646 0.241667
16 0.125260 0.933796 0.069271 0.132407
16 0.303125 0.929630 0.143750 0.131481
16 0.319010 0.844444 0.032813 0.033333
16 0.030469 0.619907 0.016146 0.067593
16 0.053906 0.730556 0.022396 0.079630
16 0.011458 0.750926 0.010417 0.057407
16 0.390104 0.950000 0.008333 0.072222
16 0.836719 0.941667 0.073438 0.112963
16 0.978125 0.937963 0.028125 0.101852
16 0.517448 0.048148 0.024479 0.068519
16 0.405729 0.107870 0.022917 0.054630
16 0.577604 0.610648 0.016667 0.037963
16 0.914844 0.530556 0.025521 0.031481
16 0.362240 0.016204 0.007812 0.028704
16 0.288802 0.031944 0.010937 0.052778
16 0.740625 0.812500 0.014583 0.026852
16 0.760156 0.576852 0.009896 0.031481
16 0.741927 0.608796 0.015104 0.047222
17 0.092188 0.725463 0.027083 0.108333
17 0.098698 0.808333 0.018229 0.105556
17 0.603906 0.734722 0.022396 0.063889
17 0.409115 0.376852 0.023438 0.112963
17 0.295833 0.295833 0.033333 0.073148
17 0.128125 0.246759 0.019792 0.099074
17 0.062760 0.299074 0.018229 0.044444
15 0.122917 0.475463 0.030208 0.049074
15 0.310417 0.036111 0.012500 0.057407
15 0.353646 0.176389 0.019792 0.025000
15 0.577344 0.542593 0.021354 0.068519
15 0.535417 0.814815 0.011458 0.044444
17 0.449740 0.661574 0.023438 0.058333
17 0.495052 0.971296 0.027604 0.029630
17 0.782813 0.255556 0.025000 0.059259
17 0.757292 0.528704 0.043750 0.035185
17 0.946354 0.585185 0.027083 0.035185
17 0.921354 0.176852 0.026042 0.033333
18 0.479427 0.528241 0.125521 0.149074
18 0.716406 0.701389 0.050521 0.169444
18 0.777344 0.719907 0.043229 0.113889
18 0.709115 0.894907 0.147396 0.147222
18 0.560156 0.926389 0.120313 0.143519
18 0.339323 0.598611 0.057813 0.091667
18 0.237760 0.573611 0.043229 0.076852
18 0.179427 0.694907 0.055729 0.054630
18 0.095052 0.618519 0.055729 0.051852
18 0.073438 0.388426 0.046875 0.086111
18 0.021615 0.343981 0.034896 0.063889
18 0.208073 0.396759 0.090104 0.086111
18 0.314063 0.425926 0.089583 0.125926
18 0.466406 0.333796 0.059896 0.193519
18 0.613542 0.355093 0.120833 0.126852
18 0.655729 0.583333 0.068750 0.203704
18 0.714323 0.434259 0.054688 0.081481
18 0.904167 0.340278 0.173958 0.180556
18 0.862760 0.541204 0.058854 0.158333
18 0.908594 0.752315 0.150521 0.223148
18 0.911719 0.933333 0.047396 0.105556
18 0.854427 0.554630 0.061979 0.133333
18 0.872135 0.073148 0.245312 0.142593
18 0.971875 0.203704 0.048958 0.083333
18 0.855208 0.194444 0.078125 0.081481
18 0.617708 0.124537 0.148958 0.241667
18 0.726302 0.093981 0.050521 0.097222
18 0.749219 0.192130 0.054688 0.050926
18 0.623437 0.348611 0.110417 0.121296
18 0.472656 0.339815 0.054688 0.148148
18 0.434375 0.035648 0.096875 0.060185
18 0.421875 0.204167 0.094792 0.065741
18 0.480729 0.341667 0.045833 0.094444
18 0.246875 0.161111 0.079167 0.122222
18 0.065365 0.046759 0.080729 0.076852
18 0.056250 0.174537 0.064583 0.130556
18 0.165104 0.167593 0.054167 0.135185
18 0.144271 0.038889 0.027083 0.044444
18 0.219792 0.043519 0.055208 0.066667
17 0.277604 0.047685 0.018750 0.087963
17 0.350000 0.018519 0.014583 0.035185
18 0.335938 0.124537 0.045833 0.078704
18 0.206250 0.298611 0.082292 0.065741
18 0.336198 0.778241 0.044271 0.073148
18 0.340104 0.700000 0.042708 0.070370
18 0.389323 0.829630 0.016146 0.057407
18 0.437500 0.952778 0.053125 0.068519
18 0.648177 0.749537 0.043229 0.060185
18 0.511719 0.674074 0.060937 0.105556
18 0.571875 0.730093 0.030208 0.086111
18 0.720833 0.323148 0.034375 0.057407
18 0.780990 0.393519 0.043229 0.153704
18 0.808333 0.598148 0.045833 0.068519
18 0.359896 0.304630 0.050000 0.112963
