15 0.276302 0.824537 0.043229 0.143519
15 0.280729 0.719444 0.032292 0.046296
15 0.319531 0.708796 0.038021 0.106481
15 0.317708 0.823611 0.039583 0.078704
15 0.441667 0.702315 0.032292 0.126852
15 0.472917 0.897685 0.017708 0.060185
15 0.100521 0.521759 0.064583 0.084259
15 0.013542 0.415278 0.026042 0.087963
15 0.011458 0.495833 0.019792 0.073148
15 0.050521 0.436111 0.018750 0.046296
15 0.075781 0.432407 0.017188 0.055556
15 0.152344 0.400926 0.021354 0.033333
15 0.195573 0.586574 0.045312 0.095370
15 0.339062 0.537037 0.027083 0.044444
15 0.334375 0.596759 0.023958 0.030556
15 0.534635 0.802778 0.031771 0.027778
15 0.665365 0.770370 0.010937 0.031481
16 0.016406 0.748611 0.020313 0.162037
16 0.060677 0.923611 0.095312 0.152778
16 0.049219 0.620833 0.018229 0.056481
16 0.068229 0.743981 0.027083 0.078704
16 0.281771 0.946296 0.290625 0.094444
16 0.193750 0.830093 0.084375 0.123148
16 0.145313 0.730093 0.022917 0.054630
16 0.361979 0.865741 0.018750 0.048148
16 0.925000 0.960185 0.065625 0.070370
16 0.579948 0.046296 0.046354 0.064815
16 0.855990 0.618519 0.011979 0.040741
16 0.755990 0.781481 0.010937 0.025926
16 0.983333 0.724537 0.006250 0.030556
17 0.111719 0.756481 0.036979 0.155556
17 0.131771 0.875463 0.017708 0.045370
17 0.503646 0.693981 0.019792 0.062037
17 0.442188 0.605556 0.026042 0.057407
17 0.597656 0.857407 0.035937 0.059259
17 0.629687 0.668519 0.016667 0.103704
17 0.655729 0.575463 0.028125 0.080556
17 0.686719 0.756019 0.016146 0.041667
17 0.715365 0.834722 0.048438 0.034259
17 0.816927 0.618981 0.026562 0.026852
17 0.871354 0.554630 0.033333 0.031481
17 0.841667 0.373148 0.031250 0.068519
17 0.881510 0.264815 0.060937 0.068519
17 0.974740 0.077315 0.015104 0.028704
17 0.383594 0.025463 0.024479 0.049074
17 0.333854 0.295370 0.010417 0.094444
17 0.353646 0.297685 0.009375 0.117593
17 0.471875 0.402778 0.026042 0.118519
17 0.158333 0.240278 0.026042 0.117593
17 0.144792 0.043519 0.008333 0.035185
17 0.178125 0.077778 0.011458 0.024074
17 0.178906 0.474074 0.034896 0.077778
17 0.131771 0.444907 0.027083 0.039815
17 0.038542 0.042130 0.017708 0.080556
18 0.865625 0.757407 0.141667 0.220370
18 0.776042 0.937037 0.214583 0.125926
18 0.605208 0.947222 0.096875 0.096296
18 0.504167 0.834722 0.040625 0.091667
18 0.489844 0.969444 0.042188 0.057407
18 0.287760 0.592130 0.056771 0.078704
18 0.216406 0.701389 0.068229 0.086111
18 0.393229 0.637037 0.052083 0.116667
18 0.382812 0.767593 0.053125 0.112963
18 0.113021 0.635185 0.073958 0.062963
18 0.252083 0.415741 0.102083 0.079630
18 0.395052 0.475926 0.088021 0.129630
18 0.244010 0.509259 0.033854 0.055556
18 0.047656 0.336111 0.074479 0.066667
18 0.113281 0.381019 0.042188 0.099074
18 0.082552 0.194907 0.073438 0.158333
18 0.094010 0.059722 0.060937 0.089815
18 0.010677 0.025926 0.018229 0.050000
18 0.259635 0.184722 0.133854 0.154630
18 0.256510 0.040741 0.138021 0.066667
18 0.246094 0.316667 0.115104 0.070370
18 0.471615 0.150000 0.116146 0.288889
18 0.387240 0.362500 0.044271 0.052778
18 0.544792 0.392130 0.079167 0.134259
18 0.545833 0.561111 0.141667 0.159259
18 0.571875 0.740278 0.069792 0.123148
18 0.706510 0.398148 0.170313 0.179630
18 0.751042 0.610648 0.078125 0.165741
18 0.729948 0.738889 0.035937 0.059259
18 0.636198 0.780556 0.036979 0.055556
18 0.324479 0.400000 0.023958 0.044444
18 0.721615 0.137963 0.204687 0.237037
18 0.902865 0.077315 0.106771 0.137963
18 0.965104 0.330093 0.069792 0.317593
18 0.895312 0.425463 0.058333 0.178704
18 0.973177 0.606481 0.053646 0.174074
18 0.971615 0.827778 0.048438 0.172222
18 0.976823 0.026852 0.028646 0.050000
18 0.870833 0.186574 0.082292 0.043519
18 0.839323 0.480556 0.053646 0.107407
18 0.495312 0.754167 0.027083 0.037963
18 0.545573 0.238426 0.049479 0.130556
18 0.604948 0.152315 0.028646 0.069444
18 0.380990 0.166667 0.061979 0.140741
