15 0.023438 0.428704 0.033333 0.066667
15 0.026823 0.506019 0.030729 0.062037
15 0.067969 0.463426 0.023438 0.041667
15 0.118229 0.541667 0.077083 0.092593
15 0.222917 0.600926 0.048958 0.088889
15 0.299479 0.842593 0.038542 0.135185
15 0.340365 0.850000 0.035937 0.092593
15 0.346875 0.725926 0.067708 0.125926
15 0.314063 0.739352 0.034375 0.052778
15 0.369010 0.562963 0.030729 0.057407
15 0.360677 0.619907 0.023438 0.032407
15 0.478906 0.726389 0.047396 0.113889
15 0.513021 0.924537 0.018750 0.052778
15 0.578906 0.831944 0.014063 0.030556
15 0.172656 0.417130 0.045312 0.086111
15 0.164062 0.488426 0.025000 0.034259
15 0.092188 0.438889 0.014583 0.042593
15 0.304948 0.356944 0.008854 0.019444
16 0.020052 0.822222 0.032813 0.350000
16 0.080729 0.923611 0.069792 0.130556
16 0.221094 0.894907 0.086979 0.191667
16 0.156510 0.774537 0.029687 0.075000
16 0.066927 0.661574 0.023438 0.112037
16 0.083333 0.797222 0.021875 0.079630
16 0.383333 0.959259 0.183333 0.068519
16 0.451042 0.879167 0.008333 0.030556
16 0.389062 0.901852 0.029167 0.033333
16 0.987500 0.956944 0.025000 0.069444
16 0.617188 0.040278 0.058333 0.073148
16 0.566927 0.708796 0.019271 0.039815
16 0.749219 0.731019 0.022396 0.034259
17 0.122656 0.764352 0.035937 0.132407
17 0.148438 0.881944 0.016667 0.089815
16 0.147656 0.971759 0.042188 0.039815
17 0.546354 0.725463 0.018750 0.082407
17 0.476562 0.624074 0.025000 0.068519
17 0.383854 0.635185 0.018750 0.055556
17 0.514062 0.431019 0.018750 0.113889
17 0.678646 0.691204 0.025000 0.087963
17 0.707292 0.599537 0.027083 0.060185
17 0.722135 0.798611 0.044271 0.037963
17 0.644531 0.892130 0.033854 0.039815
17 0.774479 0.863889 0.083333 0.031481
17 0.180208 0.237500 0.019792 0.145370
17 0.370312 0.309722 0.043750 0.067593
17 0.905208 0.396759 0.038542 0.076852
17 0.953125 0.274074 0.043750 0.068519
17 0.808854 0.530093 0.032292 0.062037
17 0.906250 0.624074 0.045833 0.068519
17 0.952604 0.558333 0.041667 0.031481
17 0.165885 0.045370 0.018229 0.025926
17 0.058594 0.056481 0.031771 0.057407
17 0.142187 0.286111 0.018750 0.044444
17 0.102344 0.325926 0.016146 0.035185
17 0.206250 0.490741 0.021875 0.051852
18 0.932292 0.803704 0.119792 0.190741
18 0.829427 0.936574 0.075521 0.099074
18 0.918750 0.958333 0.063542 0.079630
18 0.732031 0.927315 0.076563 0.126852
18 0.630990 0.961574 0.068229 0.076852
18 0.571875 0.888426 0.091667 0.067593
18 0.408854 0.842593 0.058333 0.072222
18 0.539844 0.794907 0.017188 0.039815
18 0.630208 0.776389 0.066667 0.143519
18 0.592708 0.591204 0.130208 0.143519
18 0.430208 0.663426 0.053125 0.134259
18 0.419792 0.822222 0.033333 0.135185
18 0.224219 0.730093 0.095312 0.086111
18 0.129688 0.646296 0.092708 0.055556
18 0.290365 0.434259 0.081771 0.081481
18 0.446094 0.512963 0.084896 0.114815
18 0.365365 0.438889 0.047396 0.142593
18 0.101302 0.204167 0.095312 0.119444
18 0.135417 0.075000 0.073958 0.085185
18 0.026823 0.188426 0.048438 0.100926
18 0.041927 0.350926 0.043229 0.072222
18 0.129948 0.409722 0.028646 0.099074
18 0.234115 0.180556 0.070312 0.148148
18 0.217708 0.066204 0.063542 0.089815
18 0.299740 0.057407 0.058854 0.081481
18 0.329167 0.174074 0.090625 0.150000
18 0.427865 0.178704 0.067187 0.122222
18 0.491146 0.054167 0.111458 0.080556
18 0.389844 0.055093 0.042188 0.073148
17 0.427604 0.036111 0.018750 0.070370
18 0.472656 0.315741 0.089063 0.103704
18 0.557552 0.198611 0.093229 0.126852
18 0.600521 0.385185 0.114583 0.150000
18 0.789583 0.405556 0.125000 0.138889
18 0.442448 0.409722 0.088021 0.063889
18 0.825260 0.651389 0.088021 0.154630
18 0.830990 0.077315 0.334896 0.152778
18 0.792188 0.223148 0.122917 0.116667
18 0.973698 0.460648 0.040104 0.239815
18 0.928125 0.187963 0.109375 0.064815
18 0.898698 0.502778 0.058854 0.085185
18 0.797135 0.759722 0.023438 0.043519
18 0.761979 0.525000 0.052083 0.072222
18 0.673177 0.397222 0.050521 0.125926
18 0.642448 0.150000 0.029687 0.062963
