15 0.045052 0.438889 0.042188 0.062963
15 0.042448 0.528241 0.047396 0.087963
15 0.132812 0.559722 0.064583 0.099074
15 0.247656 0.618519 0.060937 0.092593
15 0.199740 0.431019 0.042188 0.087963
15 0.108854 0.462963 0.020833 0.050000
15 0.084115 0.460648 0.014063 0.028704
15 0.421094 0.575463 0.048438 0.067593
15 0.384375 0.761574 0.052083 0.123148
15 0.337240 0.872222 0.028646 0.140741
15 0.380990 0.882407 0.049479 0.094444
15 0.532813 0.764352 0.043750 0.167593
15 0.570312 0.873148 0.013542 0.040741
15 0.565365 0.956944 0.016146 0.037963
15 0.639323 0.869907 0.021354 0.049074
15 0.793750 0.538426 0.026042 0.037963
15 0.297917 0.342130 0.012500 0.028704
15 0.333854 0.367593 0.019792 0.035185
15 0.182552 0.523611 0.022396 0.075000
16 0.025781 0.821296 0.046354 0.351852
16 0.081510 0.647222 0.030729 0.083333
16 0.091406 0.787037 0.030729 0.090741
16 0.089323 0.918519 0.067187 0.127778
16 0.185677 0.781019 0.038021 0.099074
16 0.239323 0.914815 0.120313 0.138889
16 0.151562 0.960185 0.035417 0.074074
16 0.435156 0.976852 0.172396 0.046296
16 0.438542 0.929167 0.023958 0.043519
16 0.942708 0.857870 0.034375 0.054630
16 0.860938 0.930556 0.021875 0.033333
16 0.670052 0.014815 0.022396 0.022222
16 0.732031 0.036574 0.017188 0.036111
16 0.880990 0.674074 0.017188 0.035185
16 0.822656 0.585648 0.015104 0.030556
16 0.633073 0.724074 0.028646 0.057407
16 0.811458 0.772685 0.037500 0.056481
16 0.505729 0.917593 0.031250 0.055556
16 0.472135 0.033333 0.023438 0.062963
17 0.136198 0.768981 0.030729 0.132407
17 0.152344 0.886111 0.030729 0.077778
17 0.423958 0.672685 0.018750 0.108333
17 0.230208 0.480556 0.020833 0.081481
17 0.597917 0.737500 0.025000 0.084259
17 0.757552 0.731019 0.028646 0.075000
17 0.793229 0.628704 0.035417 0.085185
17 0.829167 0.497685 0.036458 0.052778
17 0.788021 0.846759 0.045833 0.050926
17 0.883073 0.895370 0.111979 0.027778
17 0.453646 0.050463 0.018750 0.086111
17 0.505729 0.034722 0.011458 0.062037
17 0.509896 0.356019 0.017708 0.084259
17 0.557552 0.194444 0.021354 0.055556
17 0.577604 0.455556 0.016667 0.150000
17 0.431250 0.325463 0.018750 0.106481
17 0.208073 0.242593 0.016146 0.157407
17 0.103646 0.048611 0.013542 0.045370
17 0.079427 0.044907 0.029687 0.062037
17 0.881510 0.288426 0.023438 0.039815
17 0.125000 0.329630 0.015625 0.025926
17 0.318490 0.339815 0.023438 0.062963
17 0.277344 0.288889 0.018229 0.062963
17 0.525521 0.646296 0.026042 0.050000
17 0.622135 0.450463 0.030729 0.063889
18 0.926562 0.139815 0.146875 0.255556
18 0.905469 0.390278 0.180729 0.108333
18 0.929688 0.508796 0.110417 0.087963
18 0.947135 0.631944 0.093229 0.093519
18 0.966406 0.764352 0.049479 0.123148
18 0.933333 0.954630 0.078125 0.081481
18 0.800260 0.959259 0.099479 0.072222
18 0.650000 0.949074 0.094792 0.088889
17 0.944271 0.556944 0.044792 0.028704
18 0.490104 0.693519 0.102083 0.144444
18 0.362500 0.633333 0.071875 0.081481
18 0.261198 0.747222 0.090104 0.103704
18 0.160938 0.654630 0.076042 0.059259
18 0.301042 0.464352 0.088542 0.132407
18 0.139844 0.394444 0.048438 0.081481
18 0.075781 0.377778 0.044271 0.046296
18 0.025521 0.299074 0.043750 0.105556
18 0.027083 0.183333 0.053125 0.072222
18 0.020573 0.070370 0.035937 0.125926
18 0.115885 0.204167 0.088021 0.176852
18 0.150000 0.045370 0.053125 0.085185
18 0.240365 0.031944 0.070312 0.062037
18 0.286198 0.166667 0.073438 0.140741
18 0.213542 0.112500 0.041667 0.086111
18 0.247656 0.343056 0.033854 0.071296
18 0.246875 0.350000 0.027083 0.035185
18 0.181771 0.214815 0.008333 0.079630
18 0.399219 0.176852 0.127604 0.135185
18 0.352604 0.045833 0.134375 0.084259
18 0.510417 0.521759 0.105208 0.163889
18 0.402604 0.457407 0.090625 0.127778
18 0.564323 0.063889 0.080729 0.114815
18 0.497656 0.197222 0.044271 0.159259
18 0.596094 0.296759 0.098437 0.150926
18 0.697917 0.377778 0.072917 0.290741
18 0.662500 0.624537 0.173958 0.108333
18 0.601042 0.825926 0.013542 0.044444
18 0.710156 0.821296 0.073438 0.133333
18 0.775000 0.408796 0.045833 0.145370
18 0.699219 0.163426 0.125521 0.076852
18 0.795833 0.049074 0.053125 0.094444
18 0.816146 0.187500 0.064583 0.130556
18 0.887760 0.798148 0.055729 0.098148
16 0.691146 0.068519 0.044792 0.046296
18 0.609115 0.189815 0.051562 0.100000
