15 0.162760 0.562500 0.064062 0.108333
15 0.054427 0.426852 0.043229 0.075926
15 0.057031 0.524074 0.042188 0.070370
15 0.100000 0.462037 0.023958 0.051852
15 0.130990 0.455556 0.016146 0.057407
15 0.221615 0.422222 0.026562 0.083333
15 0.271094 0.614815 0.059896 0.109259
15 0.208073 0.535648 0.025521 0.099074
15 0.388542 0.899537 0.086458 0.143519
15 0.377344 0.775926 0.031771 0.072222
15 0.434635 0.770370 0.055729 0.118519
15 0.474740 0.588889 0.070312 0.081481
15 0.586979 0.803704 0.052083 0.166667
15 0.330208 0.343519 0.012500 0.035185
15 0.281771 0.518519 0.014583 0.037037
15 0.362760 0.362963 0.010937 0.018519
15 0.625781 0.916204 0.035937 0.034259
15 0.593750 0.955093 0.028125 0.041667
15 0.715625 0.913889 0.032292 0.031481
16 0.034635 0.823611 0.068229 0.347222
16 0.108854 0.927315 0.060417 0.128704
16 0.096615 0.725463 0.028646 0.073148
16 0.011458 0.502778 0.019792 0.279630
16 0.201823 0.794907 0.046354 0.078704
16 0.227865 0.700000 0.021354 0.038889
16 0.256771 0.914815 0.118750 0.135185
16 0.169010 0.964352 0.048438 0.036111
16 0.467969 0.962500 0.054688 0.062037
16 0.328906 0.952315 0.017188 0.086111
16 0.546615 0.961111 0.028646 0.072222
16 0.703646 0.767130 0.039583 0.099074
16 0.880990 0.612500 0.034896 0.052778
16 0.935417 0.612500 0.021875 0.039815
16 0.978906 0.698148 0.022396 0.031481
16 0.883594 0.805093 0.035937 0.037963
16 0.966927 0.930556 0.045312 0.033333
16 0.964844 0.975926 0.054688 0.022222
16 0.796354 0.038426 0.091667 0.065741
16 0.250781 0.457870 0.016146 0.039815
16 0.552083 0.019444 0.019792 0.035185
17 0.151302 0.792130 0.054688 0.143519
17 0.155990 0.842130 0.021354 0.076852
17 0.168229 0.916204 0.031250 0.034259
17 0.656250 0.786111 0.032292 0.075926
17 0.578906 0.672685 0.038021 0.080556
17 0.839063 0.795833 0.038542 0.063889
17 0.896354 0.862500 0.058333 0.050926
17 0.942969 0.948611 0.089063 0.015741
17 0.885938 0.692593 0.032292 0.064815
17 0.986458 0.760648 0.026042 0.047222
17 0.943750 0.539352 0.039583 0.087963
17 0.566406 0.368519 0.033854 0.116667
17 0.600000 0.137037 0.018750 0.268519
17 0.638281 0.212037 0.023438 0.072222
17 0.478385 0.343981 0.025521 0.082407
17 0.235677 0.237037 0.017188 0.159259
17 0.268750 0.222685 0.029167 0.054630
17 0.127344 0.034259 0.016146 0.053704
17 0.092708 0.049537 0.011458 0.052778
17 0.517188 0.029630 0.014583 0.057407
17 0.350000 0.343981 0.010417 0.076852
17 0.686719 0.449537 0.033854 0.099074
17 0.213021 0.023611 0.011458 0.017593
18 0.762760 0.350463 0.096354 0.130556
18 0.795833 0.593981 0.095833 0.304630
18 0.780208 0.868981 0.086458 0.156481
18 0.858333 0.921759 0.041667 0.115741
18 0.683073 0.967130 0.088021 0.043519
18 0.491927 0.876852 0.095312 0.081481
18 0.522396 0.720370 0.066667 0.127778
18 0.383594 0.643056 0.074479 0.100926
18 0.293490 0.766204 0.098437 0.087963
18 0.233333 0.594444 0.027083 0.131481
18 0.177083 0.666667 0.103125 0.070370
18 0.042969 0.616204 0.035937 0.056481
18 0.026302 0.093056 0.051562 0.184259
18 0.354948 0.446296 0.148438 0.124074
18 0.475260 0.468056 0.061979 0.134259
18 0.586719 0.533796 0.111979 0.156481
18 0.705208 0.612963 0.072917 0.183333
18 0.614844 0.683333 0.057813 0.068519
18 0.903906 0.384722 0.152604 0.132407
18 0.968229 0.149074 0.063542 0.268519
18 0.893490 0.152315 0.080729 0.297222
18 0.797135 0.156481 0.085938 0.112963
18 0.765365 0.260185 0.160938 0.068519
18 0.674740 0.089352 0.121354 0.176852
18 0.656771 0.344907 0.083333 0.100926
18 0.551562 0.158796 0.078125 0.173148
18 0.440625 0.185648 0.102083 0.200926
18 0.360677 0.023148 0.256771 0.044444
18 0.155729 0.222685 0.110417 0.169444
18 0.177083 0.394907 0.051042 0.086111
18 0.085417 0.348148 0.072917 0.081481
18 0.015365 0.256481 0.029687 0.081481
18 0.064844 0.245833 0.020313 0.062037
18 0.284375 0.345370 0.054167 0.088889
18 0.335677 0.178704 0.096354 0.183333
18 0.244010 0.097685 0.068229 0.063889
18 0.175781 0.076389 0.055729 0.119444
18 0.406250 0.330093 0.038542 0.065741
18 0.975781 0.846759 0.030729 0.089815
18 0.978125 0.618981 0.011458 0.039815
18 0.535417 0.359259 0.053125 0.094444
