15 0.420312 0.927315 0.070833 0.141667
15 0.452344 0.798611 0.050521 0.112037
15 0.188021 0.588889 0.063542 0.085185
15 0.071354 0.450926 0.038542 0.061111
15 0.067969 0.536111 0.033854 0.077778
15 0.244010 0.441204 0.041146 0.082407
15 0.114844 0.477315 0.030729 0.049074
15 0.144792 0.466667 0.020833 0.057407
15 0.143490 0.553241 0.016146 0.037963
15 0.220573 0.521759 0.021354 0.026852
15 0.304167 0.642130 0.052083 0.108333
15 0.302344 0.529167 0.010937 0.045370
15 0.490625 0.601389 0.036458 0.087963
15 0.533854 0.605093 0.033333 0.049074
15 0.632552 0.780556 0.027604 0.077778
15 0.627865 0.867593 0.040104 0.066667
15 0.675260 0.943519 0.048438 0.014815
15 0.637240 0.976852 0.016146 0.029630
15 0.582292 0.443519 0.011458 0.024074
15 0.571875 0.489352 0.012500 0.019444
15 0.769792 0.945370 0.016667 0.035185
15 0.866406 0.872222 0.014063 0.031481
15 0.394010 0.360648 0.006771 0.013889
15 0.096615 0.574537 0.008854 0.030556
15 0.413542 0.586111 0.013542 0.024074
15 0.372396 0.706944 0.021875 0.026852
15 0.478125 0.672222 0.020833 0.037037
16 0.015625 0.652778 0.026042 0.677778
16 0.048177 0.841204 0.030729 0.317593
16 0.109896 0.931019 0.082292 0.121296
16 0.264583 0.931944 0.109375 0.132407
16 0.351302 0.956944 0.044271 0.067593
16 0.249740 0.725463 0.022396 0.047222
16 0.222135 0.808333 0.056771 0.096296
16 0.105729 0.662500 0.026042 0.052778
16 0.115365 0.770370 0.042188 0.092593
16 0.124219 0.841667 0.031771 0.035185
16 0.851562 0.034259 0.128125 0.057407
16 0.955208 0.631481 0.058333 0.040741
16 0.939844 0.835648 0.030729 0.054630
16 0.744271 0.808333 0.046875 0.053704
16 0.515104 0.681019 0.027083 0.050926
16 0.496094 0.975926 0.054688 0.048148
16 0.926823 0.239352 0.034896 0.087963
16 0.646875 0.067593 0.023958 0.031481
17 0.169010 0.800926 0.034896 0.125926
17 0.180990 0.924537 0.042188 0.110185
17 0.610938 0.395370 0.023958 0.127778
17 0.669271 0.190278 0.020833 0.191667
17 0.702865 0.636574 0.021354 0.052778
17 0.620313 0.693519 0.027083 0.075926
17 0.964063 0.700463 0.032292 0.052778
17 0.896615 0.836111 0.022396 0.081481
17 0.975000 0.931481 0.029167 0.124074
17 0.560417 0.043056 0.013542 0.075000
17 0.602344 0.031019 0.033854 0.054630
17 0.662500 0.028704 0.021875 0.046296
17 0.141667 0.037500 0.019792 0.054630
17 0.123958 0.051852 0.026042 0.044444
17 0.286198 0.228241 0.050521 0.056481
17 0.250000 0.274537 0.011458 0.093519
17 0.054688 0.284722 0.019792 0.041667
17 0.709115 0.805093 0.021354 0.041667
18 0.855208 0.431019 0.108333 0.317593
18 0.275521 0.088889 0.178125 0.174074
18 0.468490 0.146759 0.154688 0.269444
18 0.425781 0.486111 0.198437 0.131481
18 0.260677 0.603241 0.032813 0.093519
18 0.187240 0.414815 0.054688 0.103704
18 0.121875 0.375926 0.052083 0.061111
18 0.146354 0.185185 0.071875 0.138889
18 0.221615 0.252315 0.045312 0.136111
18 0.038021 0.082870 0.053125 0.145370
18 0.059115 0.210185 0.078646 0.070370
18 0.353125 0.255556 0.063542 0.125926
18 0.302865 0.375926 0.086979 0.101852
18 0.645312 0.543981 0.104167 0.158333
18 0.579427 0.743519 0.074479 0.174074
18 0.536719 0.920833 0.080729 0.132407
18 0.711458 0.893056 0.076042 0.089815
18 0.884896 0.949074 0.144792 0.101852
18 0.853646 0.713426 0.129167 0.184259
18 0.754167 0.703241 0.064583 0.121296
18 0.695052 0.725000 0.068229 0.081481
18 0.733854 0.101852 0.090625 0.161111
18 0.963802 0.063889 0.054688 0.094444
18 0.961198 0.438889 0.064062 0.170370
18 0.973177 0.253704 0.033854 0.085185
18 0.741146 0.256019 0.092708 0.382407
18 0.606771 0.222685 0.093750 0.217593
18 0.480990 0.358796 0.152604 0.110185
