15 0.093490 0.468056 0.036979 0.086111
15 0.092708 0.558796 0.045833 0.078704
15 0.169531 0.574537 0.023438 0.049074
15 0.130469 0.494907 0.029687 0.056481
15 0.169010 0.490278 0.027604 0.075000
15 0.225521 0.604167 0.063542 0.102778
15 0.186198 0.626389 0.031771 0.032407
15 0.275000 0.457407 0.040625 0.083333
15 0.337500 0.562500 0.030208 0.050926
15 0.339583 0.667130 0.058333 0.106481
15 0.467187 0.943519 0.067708 0.112963
15 0.510677 0.836574 0.066146 0.136111
15 0.450781 0.812500 0.048438 0.091667
15 0.568750 0.627315 0.088542 0.087963
15 0.684896 0.863426 0.050000 0.171296
15 0.630208 0.545833 0.027083 0.084259
15 0.682813 0.449074 0.018750 0.044444
15 0.458594 0.613889 0.018229 0.022222
16 0.027865 0.645370 0.048438 0.683333
16 0.079948 0.883333 0.042188 0.194444
16 0.138542 0.900000 0.047917 0.161111
16 0.123177 0.719907 0.027604 0.097222
16 0.270052 0.756481 0.030729 0.042593
16 0.296615 0.925000 0.144271 0.118519
16 0.242708 0.808333 0.070833 0.057407
16 0.398698 0.972685 0.043229 0.032407
16 0.562240 0.707870 0.042188 0.067593
16 0.810677 0.854630 0.041146 0.057407
16 0.829427 0.793519 0.041146 0.057407
16 0.955208 0.052315 0.089583 0.097222
16 0.731250 0.099074 0.055208 0.081481
16 0.334635 0.512037 0.016146 0.033333
16 0.775000 0.100926 0.013542 0.035185
16 0.973698 0.866667 0.017188 0.029630
17 0.194792 0.877778 0.037500 0.209259
17 0.676823 0.732407 0.033854 0.094444
17 0.761458 0.254630 0.027083 0.211111
17 0.668750 0.415741 0.021875 0.185185
17 0.769792 0.845833 0.023958 0.078704
17 0.668229 0.028241 0.078125 0.052778
17 0.178906 0.054167 0.019271 0.075000
17 0.150260 0.057407 0.032813 0.068519
17 0.027083 0.059722 0.031250 0.102778
17 0.188802 0.333796 0.015104 0.123148
17 0.336198 0.251389 0.059896 0.063889
17 0.310417 0.516667 0.017708 0.070370
17 0.459635 0.119907 0.010937 0.075000
17 0.896615 0.289352 0.015104 0.073148
17 0.978906 0.903704 0.022396 0.037037
17 0.388021 0.326852 0.033333 0.068519
17 0.424479 0.378241 0.032292 0.062037
18 0.950260 0.586574 0.089063 0.434259
18 0.839844 0.089815 0.131771 0.175926
18 0.513021 0.035648 0.187500 0.067593
18 0.555469 0.201852 0.127604 0.224074
18 0.664583 0.166204 0.065625 0.180556
18 0.727083 0.225926 0.030208 0.127778
18 0.845313 0.107407 0.100000 0.185185
18 0.829948 0.370370 0.092188 0.270370
18 0.835417 0.646296 0.125000 0.207407
18 0.703906 0.598611 0.102604 0.149074
18 0.398698 0.144444 0.068229 0.096296
18 0.439583 0.258796 0.058333 0.087963
18 0.278125 0.084259 0.094792 0.148148
18 0.370833 0.043519 0.039583 0.070370
18 0.243229 0.212037 0.106250 0.100000
18 0.255208 0.335185 0.070833 0.087037
18 0.153125 0.191667 0.071875 0.103704
18 0.086719 0.057407 0.055729 0.103704
18 0.096094 0.195370 0.048438 0.096296
18 0.033854 0.248148 0.050000 0.083333
18 0.413802 0.515278 0.095312 0.176852
18 0.622135 0.765278 0.057813 0.125000
18 0.608333 0.927315 0.083333 0.123148
18 0.525521 0.947222 0.026042 0.048148
18 0.549219 0.509259 0.127604 0.177778
18 0.340104 0.365278 0.061458 0.084259
18 0.296615 0.617130 0.051562 0.121296
18 0.186458 0.722222 0.079167 0.061111
18 0.130469 0.391667 0.096354 0.083333
18 0.225000 0.457870 0.039583 0.084259
