15 0.110937 0.479630 0.039583 0.079630
15 0.107813 0.566667 0.052083 0.072222
15 0.156510 0.511574 0.031771 0.054630
15 0.190625 0.588889 0.023958 0.046296
15 0.191667 0.500463 0.026042 0.054630
15 0.246875 0.620833 0.057292 0.100926
15 0.307552 0.468519 0.042188 0.075926
15 0.261979 0.554630 0.030208 0.029630
15 0.375260 0.574074 0.033854 0.057407
15 0.377344 0.686574 0.049479 0.100926
15 0.632552 0.655093 0.106771 0.089815
15 0.558333 0.878704 0.061458 0.159259
15 0.492188 0.907407 0.013542 0.185185
15 0.516146 0.959259 0.025000 0.055556
15 0.778385 0.910648 0.025521 0.147222
15 0.752865 0.956019 0.027604 0.071296
15 0.709115 0.580093 0.035937 0.082407
16 0.029427 0.649537 0.057813 0.682407
16 0.089063 0.883333 0.053125 0.211111
16 0.073438 0.680093 0.016667 0.176852
16 0.151562 0.861111 0.057292 0.246296
16 0.301563 0.775926 0.042708 0.068519
16 0.323437 0.946759 0.152083 0.106481
16 0.255990 0.831481 0.049479 0.064815
16 0.613802 0.736111 0.035937 0.059259
16 0.923698 0.828241 0.030729 0.039815
16 0.890625 0.902315 0.041667 0.063889
16 0.803125 0.120370 0.026042 0.048148
16 0.365885 0.522685 0.015104 0.032407
16 0.985677 0.022222 0.018229 0.042593
16 0.784635 0.022222 0.010937 0.037037
17 0.212760 0.889815 0.053646 0.220370
17 0.469531 0.796296 0.041146 0.037037
17 0.417708 0.725463 0.020833 0.086111
17 0.345052 0.530556 0.015104 0.048148
17 0.213542 0.346296 0.017708 0.109259
17 0.385937 0.246296 0.025000 0.070370
17 0.745052 0.751852 0.023438 0.059259
17 0.738802 0.443519 0.018229 0.253704
17 0.873958 0.090278 0.018750 0.178704
17 0.870313 0.297685 0.018750 0.200926
17 0.916667 0.235648 0.030208 0.076852
17 0.878125 0.354167 0.054167 0.078704
17 0.740625 0.030093 0.052083 0.049074
17 0.464583 0.379167 0.023958 0.073148
17 0.427865 0.326852 0.015104 0.037037
17 0.207292 0.043519 0.017708 0.083333
17 0.177083 0.049537 0.031250 0.065741
17 0.058594 0.216204 0.031771 0.047222
17 0.044792 0.064352 0.030208 0.086111
17 0.126302 0.419444 0.010937 0.037037
17 0.604427 0.312037 0.017188 0.038889
17 0.575000 0.330093 0.016667 0.030556
17 0.853385 0.908333 0.024479 0.072222
17 0.852865 0.606019 0.021354 0.041667
17 0.950781 0.571296 0.050521 0.037037
17 0.102604 0.289815 0.023958 0.101852
17 0.374740 0.830093 0.084896 0.100926
18 0.456771 0.906944 0.046875 0.132407
17 0.108073 0.071759 0.054688 0.123148
17 0.021875 0.200463 0.028125 0.143519
18 0.186979 0.212037 0.140625 0.112963
18 0.232813 0.025463 0.026042 0.049074
18 0.358854 0.108796 0.179167 0.206481
18 0.023958 0.186574 0.000000 0.004630
17 0.186979 0.212037 0.140625 0.112963
18 0.374740 0.830093 0.084896 0.100926
18 0.314583 0.311111 0.085417 0.138889
18 0.547656 0.146759 0.184896 0.269444
18 0.507292 0.328704 0.064583 0.068519
18 0.394010 0.395833 0.038021 0.056481
18 0.250000 0.464352 0.063542 0.091667
18 0.171094 0.396759 0.068229 0.076852
18 0.443750 0.535648 0.105208 0.182407
18 0.584375 0.513889 0.143750 0.138889
18 0.675521 0.156481 0.055208 0.311111
18 0.744271 0.155556 0.044792 0.150000
18 0.815104 0.245833 0.062500 0.163889
18 0.809896 0.384722 0.079167 0.093519
18 0.793229 0.578241 0.085417 0.302778
18 0.938542 0.706019 0.105208 0.191667
18 0.927604 0.112500 0.071875 0.191667
18 0.959635 0.444444 0.080729 0.194444
18 0.870313 0.522685 0.045833 0.102778
18 0.694010 0.818519 0.082812 0.196296
18 0.658073 0.957870 0.098437 0.084259
18 0.821615 0.933796 0.041146 0.115741
18 0.958073 0.926852 0.068229 0.140741
18 0.694792 0.444907 0.091667 0.189815
