15 0.134896 0.492130 0.036458 0.073148
15 0.132812 0.577315 0.039583 0.076852
15 0.271354 0.634259 0.072917 0.101852
15 0.337500 0.482870 0.041667 0.073148
15 0.178906 0.521296 0.031771 0.061111
15 0.216146 0.504167 0.025000 0.039815
15 0.218490 0.609722 0.024479 0.065741
15 0.285938 0.559259 0.031250 0.031481
15 0.407031 0.588889 0.040104 0.064815
15 0.420052 0.681481 0.041146 0.085185
15 0.387240 0.737963 0.027604 0.048148
15 0.603646 0.918519 0.070833 0.162963
15 0.530208 0.870370 0.020833 0.092593
15 0.541927 0.975926 0.029687 0.035185
15 0.655990 0.672685 0.068229 0.086111
15 0.720573 0.698148 0.042188 0.066667
15 0.557292 0.657407 0.012500 0.033333
15 0.474740 0.765278 0.038021 0.054630
16 0.053125 0.768519 0.105208 0.459259
16 0.053385 0.431481 0.049479 0.220370
16 0.175260 0.873148 0.054688 0.253704
16 0.125521 0.942130 0.032292 0.087963
16 0.327865 0.798148 0.042188 0.090741
16 0.279167 0.896296 0.044792 0.190741
16 0.363281 0.951389 0.107813 0.084259
16 0.325781 0.880093 0.023438 0.063889
16 0.955208 0.948148 0.039583 0.059259
16 0.843229 0.022222 0.006250 0.027778
16 0.392969 0.534722 0.021354 0.034259
16 0.670052 0.768519 0.047396 0.057407
17 0.230729 0.895370 0.044792 0.196296
17 0.233854 0.363426 0.031250 0.099074
17 0.063542 0.062037 0.032292 0.094444
17 0.122396 0.295370 0.026042 0.085185
17 0.234375 0.046296 0.019792 0.081481
17 0.209896 0.084722 0.032292 0.062037
17 0.235677 0.362037 0.022396 0.090741
17 0.430208 0.254630 0.036458 0.075926
17 0.472396 0.336574 0.018750 0.039815
17 0.500000 0.382870 0.021875 0.097222
17 0.376042 0.538889 0.005208 0.057407
17 0.319010 0.650463 0.017188 0.025000
17 0.796354 0.511111 0.016667 0.290741
17 0.802865 0.031944 0.054688 0.049074
17 0.981771 0.137963 0.020833 0.159259
17 0.966927 0.407870 0.043229 0.121296
17 0.925521 0.941667 0.014583 0.094444
17 0.807813 0.774074 0.032292 0.059259
17 0.935677 0.638426 0.016146 0.034259
18 0.920052 0.165741 0.095312 0.292593
18 0.889583 0.459722 0.089583 0.241667
18 0.971875 0.593981 0.045833 0.145370
18 0.877344 0.694907 0.120313 0.178704
18 0.916927 0.854630 0.139063 0.088889
15 0.827865 0.932870 0.055729 0.130556
18 0.714583 0.571759 0.094792 0.145370
18 0.809635 0.158796 0.113021 0.175000
18 0.703646 0.159722 0.123958 0.317593
18 0.689583 0.408333 0.141667 0.161111
18 0.541927 0.553704 0.146354 0.170370
18 0.444010 0.510185 0.049479 0.079630
18 0.429948 0.393519 0.073438 0.101852
18 0.350260 0.663889 0.042188 0.142593
18 0.276562 0.470833 0.059375 0.113889
18 0.196094 0.417130 0.074479 0.125000
18 0.250781 0.748611 0.099479 0.065741
18 0.057292 0.247222 0.071875 0.094444
18 0.025000 0.095370 0.039583 0.174074
18 0.138542 0.114815 0.053125 0.201852
18 0.292708 0.200926 0.228125 0.135185
18 0.398958 0.062037 0.283333 0.107407
18 0.532813 0.199537 0.212500 0.128704
18 0.599479 0.074074 0.084375 0.131481
18 0.573958 0.357407 0.076042 0.157407
18 0.335156 0.353704 0.139063 0.118519
18 0.179427 0.320370 0.058854 0.081481
18 0.011198 0.369444 0.015104 0.070370
18 0.130990 0.376389 0.043229 0.062037
18 0.130990 0.688889 0.030729 0.044444
18 0.494792 0.690278 0.052083 0.067593
18 0.572656 0.760648 0.068229 0.117593
18 0.748698 0.848611 0.077604 0.200926
18 0.684115 0.953704 0.048438 0.088889
