15 0.164062 0.500000 0.054167 0.079630
15 0.159635 0.601852 0.046354 0.085185
15 0.317188 0.666204 0.068750 0.121296
15 0.209635 0.532870 0.022396 0.062037
15 0.250000 0.528241 0.020833 0.056481
15 0.386719 0.517130 0.053646 0.100926
15 0.254948 0.630093 0.018229 0.063889
15 0.455990 0.625000 0.048438 0.088889
15 0.480729 0.721296 0.043750 0.081481
15 0.446094 0.775926 0.035937 0.077778
15 0.524219 0.796759 0.045312 0.062037
15 0.676823 0.935185 0.066146 0.129630
15 0.601042 0.893981 0.045833 0.056481
15 0.638281 0.966667 0.023438 0.053704
15 0.765365 0.727778 0.135937 0.085185
15 0.671094 0.493981 0.031771 0.045370
16 0.075260 0.661574 0.058854 0.654630
16 0.024740 0.874537 0.034896 0.245370
16 0.142187 0.925000 0.047917 0.140741
16 0.190625 0.813426 0.043750 0.076852
16 0.204948 0.937037 0.049479 0.112963
16 0.351302 0.900463 0.103646 0.193519
16 0.294010 0.918056 0.034896 0.145370
16 0.748437 0.805093 0.026042 0.037963
16 0.958594 0.033796 0.029687 0.063889
16 0.983594 0.557870 0.024479 0.054630
16 0.145573 0.036574 0.017188 0.052778
16 0.063281 0.303241 0.034896 0.036111
15 0.056771 0.280093 0.038542 0.054630
17 0.020052 0.653704 0.036979 0.198148
17 0.254948 0.909722 0.048438 0.180556
17 0.559115 0.871296 0.035937 0.072222
17 0.824479 0.938426 0.045833 0.036111
17 0.901823 0.639352 0.027604 0.376852
17 0.641927 0.046296 0.030729 0.090741
17 0.899740 0.061574 0.021354 0.041667
17 0.929688 0.051852 0.013542 0.070370
17 0.276823 0.408796 0.019271 0.158333
17 0.305729 0.385648 0.033333 0.134259
17 0.286198 0.035185 0.023438 0.059259
17 0.088281 0.063889 0.020313 0.094444
17 0.251302 0.088889 0.026562 0.068519
17 0.114844 0.226852 0.033854 0.059259
17 0.370833 0.665278 0.019792 0.030556
17 0.469010 0.317130 0.027604 0.099074
17 0.511719 0.291204 0.043229 0.050926
17 0.538281 0.356019 0.022396 0.065741
18 0.436458 0.910648 0.084375 0.150926
18 0.611458 0.770370 0.084375 0.101852
18 0.832812 0.861111 0.144792 0.074074
18 0.927865 0.949074 0.121354 0.083333
18 0.970573 0.733333 0.058854 0.211111
18 0.940885 0.187500 0.107813 0.213889
18 0.897656 0.378241 0.199479 0.110185
18 0.857552 0.155556 0.055729 0.303704
18 0.714583 0.214352 0.222917 0.165741
18 0.740885 0.069444 0.140104 0.105556
18 0.705729 0.373611 0.163542 0.123148
18 0.726302 0.596296 0.310937 0.131481
18 0.525000 0.582407 0.084375 0.164815
18 0.465104 0.063426 0.292708 0.119444
18 0.469792 0.193981 0.268750 0.121296
18 0.259115 0.225926 0.140104 0.175926
18 0.400260 0.362963 0.097396 0.172222
18 0.517448 0.450926 0.104688 0.088889
18 0.407552 0.706481 0.048438 0.137037
18 0.236458 0.433333 0.068750 0.087037
18 0.323437 0.505556 0.051042 0.081481
18 0.116927 0.311111 0.052604 0.077778
18 0.216146 0.354167 0.050000 0.052778
18 0.033594 0.125000 0.061979 0.220370
18 0.199219 0.065741 0.053646 0.114815
