15 0.208594 0.520370 0.047396 0.085185
15 0.190885 0.610185 0.048438 0.079630
15 0.249479 0.560185 0.022917 0.051852
15 0.285938 0.646296 0.026042 0.046296
15 0.292708 0.543056 0.025000 0.063889
15 0.348958 0.688426 0.079167 0.108333
15 0.354427 0.605556 0.021354 0.044444
15 0.427344 0.525000 0.038021 0.077778
15 0.496094 0.640278 0.054688 0.087963
15 0.523698 0.744907 0.056771 0.112037
15 0.479687 0.818056 0.033333 0.054630
15 0.852083 0.763889 0.151042 0.140741
15 0.648958 0.927778 0.044792 0.081481
15 0.738542 0.949074 0.103125 0.101852
15 0.073438 0.283333 0.016667 0.057407
15 0.102083 0.295370 0.025000 0.068519
15 0.570052 0.827778 0.030729 0.053704
15 0.616667 0.801852 0.010417 0.101852
15 0.699219 0.731944 0.028646 0.032407
15 0.511719 0.316204 0.018229 0.026852
15 0.713281 0.485185 0.024479 0.046296
16 0.115104 0.669907 0.078125 0.641667
16 0.041146 0.872222 0.069792 0.255556
16 0.233854 0.888889 0.060417 0.183333
16 0.377344 0.907870 0.101562 0.167593
16 0.403906 0.800463 0.046354 0.045370
16 0.457292 0.588889 0.023958 0.029630
16 0.198177 0.025463 0.035937 0.036111
16 0.063021 0.021296 0.028125 0.035185
17 0.046875 0.649537 0.065625 0.219444
17 0.279167 0.918056 0.052083 0.154630
17 0.332813 0.394907 0.059375 0.099074
17 0.196875 0.284722 0.018750 0.063889
17 0.132812 0.062963 0.037500 0.118519
17 0.335677 0.049537 0.041146 0.049074
17 0.309115 0.116204 0.029687 0.039815
17 0.592187 0.308796 0.033333 0.104630
17 0.720833 0.066204 0.034375 0.099074
17 0.622656 0.422685 0.029687 0.097222
17 0.752083 0.502778 0.038542 0.055556
17 0.982292 0.712037 0.030208 0.327778
17 0.905469 0.969907 0.059896 0.032407
17 0.941406 0.043519 0.031771 0.066667
17 0.891667 0.078704 0.025000 0.044444
17 0.901823 0.390741 0.036979 0.068519
17 0.426823 0.651389 0.040104 0.021296
17 0.388281 0.574537 0.034896 0.043519
17 0.015104 0.151852 0.019792 0.279630
18 0.813281 0.195370 0.134896 0.379630
18 0.944271 0.225926 0.091667 0.224074
18 0.913542 0.474537 0.171875 0.121296
18 0.899479 0.624537 0.131250 0.121296
18 0.714583 0.630093 0.258333 0.132407
18 0.623958 0.521296 0.089583 0.079630
18 0.536979 0.495370 0.071875 0.124074
18 0.576562 0.120370 0.227083 0.233333
18 0.688542 0.316204 0.118750 0.110185
18 0.415625 0.207870 0.079167 0.386111
18 0.454688 0.438889 0.076042 0.055556
18 0.346875 0.513426 0.070833 0.086111
18 0.272396 0.433796 0.076042 0.087963
18 0.442188 0.736111 0.033333 0.090741
18 0.517448 0.943981 0.148438 0.112037
18 0.691927 0.834722 0.094271 0.087963
18 0.886719 0.905556 0.133854 0.092593
18 0.347656 0.239815 0.213021 0.185185
18 0.076563 0.129167 0.076042 0.163889
18 0.132552 0.249074 0.048438 0.059259
18 0.220833 0.118519 0.059375 0.101852
18 0.038281 0.433333 0.060937 0.159259
18 0.196615 0.728704 0.043229 0.127778
18 0.332813 0.781019 0.091667 0.073148
18 0.550260 0.388426 0.090104 0.076852
18 0.737760 0.432407 0.165104 0.085185
