15 0.235156 0.525000 0.053646 0.090741
15 0.233333 0.623148 0.061458 0.096296
15 0.283594 0.562500 0.033854 0.073148
15 0.329427 0.565278 0.030729 0.084259
15 0.330208 0.658333 0.032292 0.051852
15 0.396615 0.717130 0.068229 0.121296
15 0.479948 0.541667 0.049479 0.079630
15 0.469010 0.745370 0.032813 0.062963
15 0.553385 0.658333 0.061979 0.101852
15 0.085417 0.268981 0.013542 0.025000
15 0.116667 0.279167 0.019792 0.049074
15 0.589844 0.782407 0.066146 0.129630
15 0.547396 0.863426 0.025000 0.026852
15 0.704167 0.841667 0.051042 0.114815
15 0.935417 0.802778 0.126042 0.125926
15 0.763542 0.968981 0.119792 0.062037
16 0.145313 0.675000 0.096875 0.650000
16 0.050781 0.866667 0.100521 0.262963
16 0.020833 0.659259 0.036458 0.138889
16 0.259375 0.902315 0.052083 0.178704
16 0.219792 0.984722 0.022917 0.030556
16 0.421354 0.925000 0.128125 0.146296
16 0.228385 0.021296 0.027604 0.038889
16 0.086719 0.034259 0.043229 0.053704
16 0.884115 0.888889 0.042188 0.046296
17 0.067187 0.653241 0.052083 0.202778
17 0.320052 0.923611 0.044271 0.152778
17 0.367188 0.415741 0.054167 0.096296
17 0.592448 0.340278 0.030729 0.075000
17 0.426563 0.597222 0.052083 0.068519
17 0.241667 0.458333 0.033333 0.046296
17 0.036198 0.114815 0.031771 0.201852
17 0.033594 0.298148 0.027604 0.138889
17 0.162760 0.071759 0.039062 0.126852
17 0.181250 0.244907 0.034375 0.054630
17 0.238802 0.462037 0.021354 0.044444
17 0.359375 0.396296 0.031250 0.140741
17 0.387500 0.408333 0.026042 0.094444
17 0.398958 0.036574 0.053125 0.052778
17 0.356771 0.126852 0.026042 0.044444
17 0.471615 0.680093 0.042188 0.036111
17 0.683073 0.312037 0.021354 0.137037
17 0.697135 0.445833 0.034896 0.108333
17 0.802083 0.056019 0.018750 0.087963
17 0.865104 0.535648 0.040625 0.089815
17 0.686198 0.928241 0.061979 0.047222
18 0.047396 0.440278 0.071875 0.106481
18 0.096354 0.154630 0.056250 0.148148
18 0.009635 0.157407 0.016146 0.300000
18 0.300260 0.092593 0.079687 0.170370
18 0.375521 0.235648 0.281250 0.112037
18 0.285938 0.395370 0.085417 0.162963
18 0.411198 0.530093 0.075521 0.065741
18 0.227083 0.733333 0.037500 0.109259
18 0.281250 0.732407 0.036458 0.055556
18 0.376042 0.808796 0.032292 0.050926
18 0.503906 0.775463 0.022396 0.180556
18 0.556250 0.788426 0.031250 0.058333
18 0.580208 0.959259 0.155208 0.081481
18 0.607552 0.082407 0.361979 0.157407
18 0.601562 0.225926 0.143750 0.111111
18 0.850781 0.279167 0.282813 0.186111
18 0.909896 0.088889 0.163542 0.162963
18 0.863802 0.432407 0.243229 0.101852
18 0.714844 0.648611 0.166146 0.236111
18 0.900000 0.656481 0.182292 0.150000
18 0.942187 0.537037 0.100000 0.066667
18 0.508073 0.402778 0.136979 0.172222
18 0.632031 0.440278 0.053646 0.132407
18 0.379167 0.247685 0.266667 0.097222
18 0.573177 0.555556 0.056771 0.077778
18 0.920833 0.966667 0.130208 0.066667
18 0.791667 0.860185 0.084375 0.151852
18 0.184375 0.311111 0.068750 0.037037
