15 0.263021 0.543981 0.046875 0.084259
15 0.254427 0.649537 0.052604 0.119444
15 0.306510 0.590278 0.024479 0.110185
15 0.348958 0.578704 0.027083 0.070370
15 0.359115 0.690741 0.033854 0.046296
15 0.433594 0.739815 0.068229 0.127778
15 0.420833 0.632870 0.027083 0.045370
15 0.518490 0.560185 0.047396 0.100000
15 0.589844 0.674074 0.046354 0.083333
15 0.517969 0.772222 0.041146 0.103704
15 0.631510 0.756944 0.059896 0.063889
15 0.642188 0.842130 0.053125 0.073148
15 0.597917 0.900463 0.041667 0.043519
15 0.755469 0.883796 0.069271 0.076852
15 0.973698 0.849074 0.047396 0.129630
15 0.778906 0.975463 0.047396 0.049074
15 0.841667 0.504167 0.048958 0.065741
15 0.126562 0.258333 0.025000 0.024074
15 0.128385 0.296759 0.023438 0.036111
15 0.153906 0.312963 0.017188 0.024074
16 0.155469 0.493056 0.069271 0.180556
16 0.148438 0.796759 0.100000 0.400926
16 0.029167 0.797222 0.045833 0.388889
16 0.077083 0.885648 0.039583 0.228704
16 0.170052 0.366667 0.040104 0.057407
16 0.118229 0.357407 0.014583 0.059259
16 0.271875 0.919907 0.061458 0.156481
16 0.456510 0.930556 0.135937 0.138889
16 0.373437 0.942593 0.034375 0.114815
16 0.634115 0.688426 0.034896 0.073148
16 0.641406 0.695833 0.033854 0.054630
16 0.911198 0.889352 0.025521 0.039815
16 0.249219 0.031019 0.029687 0.058333
16 0.106771 0.022222 0.027083 0.037037
17 0.057031 0.109259 0.022396 0.179630
17 0.044792 0.302315 0.021875 0.143519
17 0.138021 0.366204 0.010417 0.050926
17 0.077604 0.663426 0.033333 0.200926
17 0.178385 0.065741 0.028646 0.114815
17 0.241406 0.460185 0.030729 0.057407
17 0.387240 0.435648 0.017188 0.158333
17 0.418750 0.433333 0.035417 0.131481
17 0.380469 0.577778 0.018229 0.133333
17 0.328906 0.929630 0.039062 0.131481
17 0.329427 0.556944 0.016146 0.052778
17 0.461198 0.609259 0.035937 0.046296
17 0.503385 0.707870 0.035937 0.028704
17 0.553385 0.628704 0.022396 0.042593
17 0.935677 0.576852 0.043229 0.092593
16 0.584635 0.615278 0.033854 0.054630
17 0.735677 0.345370 0.039062 0.083333
17 0.423698 0.044907 0.078646 0.052778
17 0.394010 0.125926 0.028646 0.033333
17 0.250000 0.087500 0.020833 0.030556
17 0.250781 0.316667 0.022396 0.096296
17 0.273958 0.469444 0.013542 0.037037
17 0.374740 0.372685 0.015104 0.047222
17 0.725260 0.968056 0.035937 0.047222
18 0.016667 0.277778 0.032292 0.527778
18 0.126042 0.144444 0.067708 0.137037
18 0.061979 0.455556 0.091667 0.131481
18 0.222396 0.186574 0.086458 0.087963
18 0.203385 0.288889 0.061979 0.077778
18 0.222396 0.370370 0.025000 0.050000
18 0.321615 0.086111 0.089063 0.138889
18 0.327865 0.254630 0.101562 0.146296
18 0.334375 0.422685 0.070833 0.154630
18 0.321615 0.478241 0.036979 0.037963
18 0.431250 0.550000 0.072917 0.061111
18 0.509635 0.254630 0.238021 0.211111
18 0.734635 0.091667 0.510938 0.181481
18 0.818229 0.236111 0.343750 0.087037
18 0.882812 0.372685 0.221875 0.165741
18 0.769531 0.687963 0.172396 0.257407
18 0.937240 0.700926 0.125521 0.174074
18 0.847917 0.913889 0.085417 0.166667
18 0.521615 0.268981 0.206771 0.156481
18 0.594010 0.449074 0.218229 0.153704
18 0.640885 0.577778 0.068229 0.116667
18 0.565104 0.963426 0.063542 0.054630
18 0.667448 0.980093 0.081771 0.039815
