15 0.286198 0.566667 0.057813 0.098148
15 0.275000 0.666204 0.048958 0.089815
15 0.332552 0.617130 0.029687 0.108333
15 0.305729 0.733333 0.013542 0.031481
15 0.386458 0.601852 0.020833 0.103704
15 0.403385 0.731019 0.042188 0.115741
15 0.467187 0.768519 0.072917 0.133333
15 0.455208 0.660648 0.034375 0.036111
15 0.570052 0.587500 0.055729 0.113889
15 0.558594 0.812500 0.035937 0.126852
15 0.633333 0.693519 0.058333 0.074074
15 0.684896 0.791204 0.052083 0.073148
15 0.715625 0.900000 0.052083 0.081481
15 0.829427 0.932407 0.095312 0.077778
15 0.131771 0.296759 0.014583 0.030556
15 0.138281 0.257870 0.016146 0.025000
15 0.150781 0.301852 0.016146 0.020370
16 0.176042 0.361574 0.044792 0.052778
16 0.170313 0.506481 0.084375 0.172222
16 0.173958 0.792130 0.134375 0.376852
16 0.030469 0.799537 0.053646 0.375000
16 0.088281 0.889815 0.044271 0.216667
16 0.129948 0.365278 0.016146 0.052778
16 0.289323 0.922685 0.059896 0.136111
16 0.491406 0.945833 0.175521 0.108333
16 0.693490 0.709259 0.065104 0.061111
16 0.591927 0.630556 0.027604 0.029630
15 0.881250 0.487500 0.031250 0.041667
16 0.944010 0.545833 0.032813 0.043519
16 0.286719 0.025926 0.044271 0.044444
16 0.117448 0.031019 0.053646 0.058333
16 0.632031 0.637500 0.023438 0.032407
17 0.084635 0.662963 0.034896 0.211111
17 0.144010 0.357870 0.009896 0.075000
17 0.364063 0.949537 0.051042 0.100926
17 0.418229 0.405556 0.030208 0.235185
17 0.451562 0.407407 0.025000 0.220370
17 0.202344 0.072685 0.022396 0.125000
17 0.070312 0.114815 0.023958 0.200000
17 0.021875 0.126852 0.026042 0.070370
17 0.059115 0.307407 0.021354 0.153704
17 0.020052 0.315278 0.011979 0.108333
17 0.272396 0.325463 0.020833 0.056481
17 0.266927 0.500463 0.013021 0.095370
17 0.293490 0.488889 0.014063 0.035185
17 0.478125 0.031019 0.058333 0.045370
17 0.423177 0.109259 0.044271 0.053704
17 0.414323 0.541667 0.027604 0.061111
17 0.495052 0.633796 0.017188 0.030556
17 0.358594 0.954167 0.042188 0.087963
17 0.523438 0.760648 0.032292 0.037963
17 0.566406 0.713889 0.028646 0.022222
17 0.723698 0.771296 0.008854 0.033333
17 0.955729 0.573148 0.072917 0.014815
17 0.866406 0.358796 0.035937 0.097222
17 0.825521 0.368056 0.026042 0.054630
17 0.729427 0.175000 0.020313 0.048148
17 0.506250 0.408796 0.025000 0.117593
17 0.654948 0.517130 0.029687 0.034259
17 0.253906 0.043056 0.005729 0.058333
18 0.060156 0.454630 0.113021 0.138889
18 0.022135 0.027778 0.043229 0.053704
18 0.132292 0.154167 0.078125 0.143519
18 0.216927 0.198148 0.060937 0.094444
18 0.221615 0.300926 0.060937 0.070370
18 0.246615 0.381481 0.043229 0.055556
18 0.350781 0.301389 0.113021 0.171296
18 0.355990 0.103241 0.081771 0.204630
18 0.480208 0.191204 0.118750 0.100926
18 0.583333 0.075463 0.116667 0.143519
18 0.619010 0.248148 0.146354 0.185185
18 0.661198 0.425000 0.245312 0.138889
18 0.823698 0.088426 0.347396 0.169444
18 0.866146 0.236111 0.234375 0.112963
18 0.723698 0.282407 0.048438 0.103704
18 0.946875 0.417593 0.105208 0.198148
18 0.887500 0.725463 0.207292 0.302778
18 0.761458 0.748611 0.044792 0.173148
18 0.280469 0.794444 0.052604 0.105556
18 0.353646 0.801852 0.046875 0.092593
18 0.426563 0.864352 0.058333 0.054630
18 0.627865 0.877315 0.061979 0.245370
18 0.352344 0.294444 0.067187 0.131481
18 0.480729 0.562037 0.063542 0.077778
18 0.695312 0.604630 0.088542 0.116667
18 0.527344 0.693056 0.032813 0.062037
18 0.507292 0.303241 0.052083 0.069444
18 0.824219 0.543519 0.107813 0.061111
18 0.051823 0.584722 0.041146 0.050926
16 0.010417 0.574537 0.019792 0.075000
