15 0.320312 0.586574 0.057292 0.104630
15 0.306510 0.691667 0.056771 0.101852
15 0.367188 0.636111 0.032292 0.114815
15 0.423698 0.630556 0.028646 0.103704
15 0.431250 0.732870 0.023958 0.043519
15 0.516146 0.805556 0.082292 0.127778
15 0.509896 0.688889 0.032292 0.044444
15 0.629427 0.610185 0.055729 0.105556
15 0.613542 0.843056 0.058333 0.123148
15 0.687240 0.725463 0.051562 0.073148
15 0.754167 0.822685 0.052083 0.095370
15 0.795833 0.954167 0.058333 0.063889
15 0.919010 0.964815 0.128646 0.070370
15 0.138021 0.301852 0.017708 0.033333
15 0.145052 0.260648 0.016146 0.019444
15 0.160417 0.316204 0.014583 0.052778
15 0.191667 0.293056 0.013542 0.028704
15 0.177083 0.325000 0.013542 0.035185
15 0.012760 0.425926 0.017188 0.024074
15 0.014063 0.497685 0.019792 0.052778
15 0.444010 0.428704 0.017188 0.048148
15 0.514323 0.433796 0.013021 0.017593
15 0.539583 0.475000 0.021875 0.031481
16 0.203125 0.665278 0.085417 0.621296
16 0.036719 0.809259 0.068229 0.368519
16 0.118229 0.893981 0.089583 0.206481
16 0.142187 0.618981 0.035417 0.295370
16 0.022135 0.580093 0.035937 0.082407
16 0.129688 0.027315 0.048958 0.052778
16 0.335156 0.029630 0.051562 0.044444
16 0.766667 0.746296 0.077083 0.070370
16 0.275000 0.511574 0.033333 0.117593
16 0.314323 0.937037 0.068229 0.116667
16 0.536979 0.963889 0.195833 0.072222
16 0.837240 0.621296 0.022396 0.057407
16 0.513021 0.893981 0.022917 0.036111
17 0.101302 0.689352 0.045312 0.212037
17 0.082812 0.067130 0.038542 0.110185
17 0.083854 0.187037 0.023958 0.092593
17 0.071354 0.337963 0.026042 0.185185
17 0.031250 0.310185 0.019792 0.101852
17 0.033594 0.134722 0.027604 0.080556
16 0.024479 0.050926 0.016667 0.050000
17 0.232813 0.080556 0.036458 0.137037
17 0.296094 0.065278 0.030729 0.126852
17 0.461198 0.109259 0.043229 0.074074
17 0.521094 0.036111 0.079687 0.057407
17 0.500000 0.360185 0.022917 0.198148
17 0.480990 0.331944 0.021354 0.091667
17 0.473177 0.492130 0.060937 0.086111
17 0.390365 0.948148 0.055729 0.098148
17 0.466667 0.562500 0.034375 0.054630
17 0.465365 0.697222 0.024479 0.129630
17 0.410677 0.794907 0.024479 0.052778
17 0.323958 0.519444 0.027083 0.044444
17 0.305469 0.209722 0.022396 0.050926
17 0.295573 0.047222 0.022396 0.057407
17 0.590625 0.763889 0.032292 0.038889
17 0.634635 0.718981 0.050521 0.037963
17 0.861458 0.619907 0.013542 0.037963
17 0.793490 0.821296 0.021354 0.101852
17 0.844792 0.206481 0.030208 0.092593
17 0.856250 0.351852 0.078125 0.053704
17 0.953125 0.394907 0.031250 0.067593
18 0.905469 0.075926 0.189062 0.150000
18 0.932552 0.230556 0.128646 0.137037
18 0.685417 0.136574 0.233333 0.265741
17 0.682552 0.373148 0.029687 0.037037
18 0.683594 0.321296 0.241146 0.070370
18 0.770052 0.474074 0.126562 0.205556
18 0.634375 0.471296 0.125000 0.150000
18 0.769792 0.649537 0.112500 0.113889
18 0.582292 0.704167 0.045833 0.065741
18 0.687760 0.886574 0.093229 0.204630
18 0.910937 0.517130 0.135417 0.126852
18 0.933594 0.759259 0.122396 0.322222
18 0.839323 0.844444 0.063021 0.125926
18 0.534635 0.569907 0.047396 0.100926
18 0.541927 0.206019 0.054688 0.119444
18 0.425781 0.305556 0.074479 0.162963
18 0.394531 0.102778 0.064062 0.194444
18 0.350781 0.322222 0.043229 0.183333
18 0.229948 0.268981 0.054688 0.086111
18 0.286979 0.382407 0.059375 0.079630
18 0.248958 0.188426 0.078125 0.043519
18 0.180208 0.111111 0.059375 0.083333
18 0.155729 0.202315 0.103125 0.065741
18 0.008594 0.197685 0.016146 0.387963
18 0.078385 0.484259 0.065104 0.083333
18 0.295052 0.769907 0.016146 0.037963
18 0.320573 0.855093 0.035937 0.063889
18 0.386719 0.821296 0.050521 0.114815
18 0.389583 0.509259 0.084375 0.107407
18 0.394531 0.094444 0.052604 0.185185
18 0.481510 0.196296 0.036979 0.062963
18 0.294271 0.276852 0.034375 0.062963
