15 0.358073 0.605093 0.050521 0.110185
15 0.336979 0.716667 0.075000 0.120370
15 0.405729 0.641667 0.037500 0.094444
15 0.467969 0.659259 0.027604 0.122222
15 0.476302 0.770370 0.027604 0.057407
15 0.541146 0.708796 0.064583 0.075000
15 0.562240 0.831944 0.101562 0.154630
15 0.666146 0.876389 0.059375 0.106481
15 0.743490 0.762037 0.060937 0.079630
15 0.684635 0.633796 0.081771 0.110185
15 0.830469 0.865741 0.070312 0.101852
15 0.148438 0.292130 0.003125 0.026852
15 0.017708 0.499537 0.034375 0.034259
15 0.033594 0.439815 0.017188 0.031481
15 0.168490 0.312500 0.010937 0.030556
15 0.193750 0.313426 0.009375 0.025000
15 0.201042 0.283796 0.002083 0.008333
15 0.872656 0.962500 0.030729 0.075000
15 0.498177 0.428241 0.025521 0.028704
15 0.760417 0.430093 0.009375 0.019444
16 0.257552 0.733333 0.035937 0.511111
16 0.152604 0.793056 0.027083 0.413889
16 0.049219 0.808333 0.082812 0.361111
16 0.115885 0.901852 0.042188 0.196296
16 0.028125 0.574537 0.048958 0.084259
16 0.302083 0.532407 0.031250 0.140741
16 0.340625 0.025000 0.033333 0.046296
16 0.380990 0.014352 0.022396 0.026852
16 0.171875 0.022222 0.033333 0.042593
16 0.167969 0.073611 0.016146 0.039815
16 0.587500 0.422685 0.016667 0.052778
16 0.810677 0.765741 0.070312 0.081481
16 0.573698 0.959259 0.088021 0.072222
16 0.486979 0.973611 0.085417 0.043519
16 0.318750 0.912963 0.039583 0.174074
16 0.366927 0.959259 0.041146 0.077778
16 0.049219 0.319907 0.010937 0.108333
16 0.050521 0.125000 0.020833 0.061111
16 0.103385 0.036111 0.024479 0.070370
16 0.109375 0.127778 0.017708 0.103704
16 0.100521 0.239352 0.027083 0.078704
16 0.090104 0.350926 0.018750 0.142593
16 0.154167 0.356481 0.012500 0.083333
16 0.250260 0.425926 0.023438 0.090741
16 0.259375 0.073611 0.019792 0.145370
16 0.341927 0.103704 0.021354 0.072222
16 0.331250 0.537037 0.014583 0.092593
16 0.356771 0.529630 0.013542 0.046296
16 0.503906 0.091667 0.024479 0.048148
16 0.544271 0.124074 0.028125 0.044444
16 0.603646 0.027778 0.056250 0.051852
16 0.538021 0.412500 0.060417 0.054630
16 0.521354 0.500000 0.044792 0.079630
16 0.502083 0.597685 0.038542 0.060185
16 0.448698 0.781481 0.030729 0.066667
16 0.408333 0.970370 0.030208 0.042593
16 0.406250 0.746296 0.020833 0.044444
16 0.590365 0.679630 0.022396 0.033333
16 0.634635 0.809259 0.041146 0.024074
16 0.935937 0.686574 0.026042 0.087963
16 0.743229 0.427778 0.034375 0.090741
16 0.862760 0.039815 0.025521 0.077778
16 0.972135 0.272222 0.020313 0.194444
16 0.562760 0.316204 0.028646 0.132407
16 0.589323 0.137963 0.024479 0.029630
16 0.539323 0.271296 0.023438 0.037037
16 0.334896 0.351852 0.012500 0.048148
16 0.343229 0.102778 0.015625 0.048148
18 0.047917 0.042130 0.083333 0.080556
18 0.019792 0.263889 0.038542 0.277778
18 0.062240 0.209722 0.020313 0.067593
18 0.144792 0.221296 0.047917 0.092593
18 0.131771 0.431481 0.058333 0.098148
18 0.086458 0.515278 0.065625 0.062037
18 0.321094 0.785185 0.023438 0.046296
18 0.367448 0.871296 0.036979 0.072222
18 0.417448 0.855556 0.041146 0.087037
18 0.498698 0.905093 0.036979 0.071296
18 0.441667 0.653704 0.019792 0.083333
18 0.402083 0.492593 0.057292 0.061111
18 0.594271 0.582870 0.082292 0.132407
18 0.640885 0.736111 0.046354 0.046296
18 0.750000 0.905093 0.092708 0.189815
18 0.945052 0.888889 0.099479 0.218519
18 0.940365 0.508333 0.106771 0.246296
18 0.938281 0.087500 0.115104 0.167593
18 0.906771 0.282407 0.093750 0.205556
18 0.829427 0.550926 0.105729 0.314815
18 0.743229 0.529630 0.052083 0.081481
18 0.747917 0.287500 0.230208 0.215741
18 0.741406 0.088426 0.199479 0.175000
18 0.596615 0.206944 0.049479 0.076852
18 0.615885 0.332407 0.033854 0.127778
18 0.679167 0.496296 0.078125 0.155556
18 0.452604 0.109259 0.071875 0.201852
18 0.528385 0.032407 0.056771 0.044444
18 0.475260 0.306481 0.094271 0.164815
18 0.435677 0.423148 0.094271 0.068519
18 0.465365 0.520370 0.019271 0.090741
18 0.380208 0.268056 0.103125 0.078704
18 0.272396 0.243519 0.077083 0.094444
18 0.303385 0.396759 0.048438 0.076852
18 0.208594 0.113889 0.047396 0.101852
16 0.202344 0.678241 0.069271 0.643519
