15 0.362760 0.619444 0.060937 0.125926
15 0.344271 0.725463 0.058333 0.102778
15 0.412240 0.643981 0.022396 0.069444
15 0.474479 0.640278 0.033333 0.084259
15 0.482031 0.774074 0.025521 0.072222
15 0.691406 0.641667 0.082812 0.112963
15 0.552083 0.713426 0.041667 0.058333
15 0.569271 0.843056 0.098958 0.132407
15 0.678385 0.889352 0.061979 0.154630
15 0.746875 0.760648 0.059375 0.089815
15 0.835677 0.868056 0.063021 0.097222
15 0.016406 0.506019 0.031771 0.034259
15 0.033333 0.440278 0.020833 0.039815
15 0.166927 0.313889 0.016146 0.022222
15 0.189323 0.322222 0.016146 0.020370
15 0.198177 0.298148 0.016146 0.024074
15 0.503125 0.428704 0.023958 0.031481
15 0.599740 0.334259 0.010937 0.022222
15 0.768750 0.430556 0.006250 0.024074
15 0.878906 0.955093 0.041146 0.086111
16 0.190885 0.674537 0.048438 0.650926
16 0.247396 0.728241 0.059375 0.523148
16 0.049740 0.818056 0.081771 0.358333
16 0.031250 0.577778 0.050000 0.107407
16 0.131771 0.902778 0.064583 0.194444
16 0.153906 0.661574 0.036979 0.156481
16 0.182031 0.531481 0.068229 0.075926
16 0.304688 0.560648 0.028125 0.178704
16 0.322917 0.909722 0.046875 0.163889
16 0.369271 0.964815 0.031250 0.070370
16 0.570052 0.951389 0.044271 0.089815
16 0.617969 0.975926 0.040104 0.031481
16 0.502865 0.981019 0.055729 0.028704
16 0.833073 0.774074 0.099479 0.087037
16 0.593490 0.427778 0.023438 0.072222
16 0.365885 0.023611 0.059896 0.043519
16 0.167708 0.023611 0.041667 0.039815
16 0.172656 0.076389 0.019271 0.036111
16 0.049740 0.055093 0.015104 0.019444
17 0.119531 0.697222 0.035937 0.207407
17 0.414062 0.972685 0.038542 0.037963
17 0.534896 0.496296 0.052083 0.068519
17 0.542969 0.415741 0.053646 0.062963
17 0.547396 0.125926 0.039583 0.068519
17 0.116927 0.060648 0.036979 0.091667
17 0.113802 0.144907 0.025521 0.062037
17 0.104688 0.216204 0.032292 0.063889
17 0.056771 0.133333 0.038542 0.096296
17 0.054167 0.319444 0.015625 0.129630
17 0.096094 0.349537 0.023438 0.150926
17 0.266406 0.077315 0.038021 0.137963
17 0.343490 0.107870 0.016146 0.089815
17 0.609115 0.035185 0.031771 0.055556
17 0.861979 0.037500 0.019792 0.073148
17 0.960938 0.050463 0.020833 0.099074
17 0.983594 0.278241 0.024479 0.204630
17 0.754427 0.425000 0.015104 0.092593
17 0.956250 0.682870 0.046875 0.110185
17 0.902865 0.817130 0.024479 0.056481
17 0.415625 0.753704 0.032292 0.046296
17 0.459375 0.794907 0.026042 0.075000
17 0.517448 0.583333 0.044271 0.101852
17 0.316146 0.288426 0.033333 0.039815
17 0.251563 0.436574 0.018750 0.045370
17 0.568750 0.291204 0.031250 0.067593
17 0.543750 0.266667 0.006250 0.024074
18 0.901302 0.313426 0.122396 0.443519
18 0.844271 0.644907 0.144792 0.171296
18 0.959896 0.885185 0.077083 0.207407
18 0.756250 0.901852 0.083333 0.179630
18 0.335677 0.805093 0.028646 0.037963
18 0.368750 0.875463 0.039583 0.060185
18 0.423958 0.841204 0.040625 0.093519
18 0.473177 0.932870 0.100521 0.054630
18 0.445573 0.662963 0.024479 0.105556
18 0.595052 0.611111 0.075521 0.129630
18 0.650781 0.739815 0.046354 0.075926
18 0.746615 0.172685 0.171354 0.343519
18 0.807292 0.450926 0.059375 0.194444
18 0.681771 0.442130 0.110417 0.154630
18 0.715104 0.554167 0.100000 0.052778
18 0.490365 0.305556 0.094271 0.194444
18 0.459896 0.093981 0.070833 0.180556
18 0.540365 0.043056 0.063021 0.075000
18 0.619271 0.166667 0.071875 0.144444
18 0.628385 0.286574 0.048438 0.073148
18 0.454688 0.496296 0.092708 0.157407
18 0.387240 0.505093 0.044271 0.063889
18 0.401042 0.345370 0.096875 0.159259
18 0.260677 0.295833 0.059896 0.108333
18 0.319531 0.400463 0.045312 0.097222
18 0.282292 0.192130 0.065625 0.082407
18 0.390365 0.176389 0.025521 0.112037
18 0.225260 0.121759 0.068229 0.112037
18 0.189062 0.229167 0.116667 0.089815
18 0.100781 0.496296 0.059896 0.094444
18 0.020573 0.217130 0.035937 0.432407
18 0.158333 0.231944 0.060417 0.086111
18 0.220573 0.112500 0.053646 0.086111
18 0.222917 0.036574 0.033333 0.058333
18 0.164583 0.139815 0.048958 0.066667
18 0.135937 0.375926 0.058333 0.127778
18 0.075781 0.306481 0.022396 0.120370
