15 0.441927 0.642593 0.081771 0.140741
15 0.373698 0.739352 0.044271 0.097222
15 0.411979 0.773148 0.032292 0.118519
15 0.555469 0.679630 0.055729 0.112963
15 0.566927 0.825000 0.034896 0.090741
15 0.645312 0.750926 0.057292 0.075926
15 0.677083 0.910648 0.096875 0.162037
15 0.781250 0.937037 0.078125 0.122222
15 0.841927 0.693519 0.107813 0.111111
15 0.876823 0.838426 0.067187 0.121296
15 0.954167 0.895370 0.071875 0.059259
15 0.179948 0.284722 0.017188 0.028704
15 0.271875 0.317130 0.017708 0.063889
15 0.042969 0.510185 0.035937 0.048148
15 0.058594 0.442130 0.017188 0.026852
15 0.214062 0.287500 0.013542 0.030556
15 0.202083 0.313426 0.013542 0.041667
16 0.245573 0.735185 0.133854 0.529630
16 0.222135 0.410185 0.056771 0.098148
16 0.047135 0.768981 0.086979 0.434259
16 0.105729 0.829167 0.025000 0.323148
16 0.147917 0.902315 0.050000 0.186111
16 0.167187 0.647685 0.020833 0.145370
16 0.381771 0.923611 0.078125 0.134259
16 0.357552 0.525926 0.040104 0.101852
16 0.295312 0.415278 0.030208 0.062037
16 0.221875 0.016204 0.045833 0.028704
16 0.464323 0.025926 0.086979 0.050000
16 0.952865 0.831019 0.061979 0.095370
16 0.811198 0.781944 0.017188 0.039815
16 0.671875 0.443981 0.015625 0.030556
16 0.180208 0.022685 0.017708 0.028704
16 0.452344 0.073148 0.028646 0.046296
16 0.077604 0.033333 0.011458 0.027778
16 0.205469 0.068519 0.016146 0.033333
17 0.147656 0.703241 0.042188 0.217593
17 0.265365 0.431019 0.016146 0.091667
17 0.498958 0.658333 0.034375 0.070370
17 0.640104 0.443519 0.054167 0.112963
17 0.621615 0.544444 0.044271 0.068519
17 0.605469 0.626389 0.027604 0.082407
17 0.488281 0.780093 0.030729 0.086111
17 0.534635 0.824537 0.015104 0.063889
17 0.743490 0.434722 0.043229 0.050926
17 0.723177 0.503704 0.019271 0.053704
17 0.664323 0.126852 0.035937 0.092593
17 0.700260 0.134722 0.033854 0.037963
17 0.315885 0.070370 0.035937 0.138889
17 0.144010 0.080093 0.020313 0.156481
17 0.129427 0.233333 0.024479 0.116667
17 0.118750 0.366667 0.016667 0.127778
17 0.075000 0.306944 0.016667 0.141667
17 0.082031 0.125926 0.036979 0.087037
17 0.927083 0.680093 0.038542 0.065741
17 0.700260 0.758333 0.030729 0.046296
17 0.742969 0.016667 0.015104 0.031481
17 0.626563 0.060648 0.019792 0.043519
17 0.402604 0.208796 0.023958 0.049074
17 0.400260 0.062037 0.016146 0.122222
17 0.411458 0.537037 0.018750 0.053704
17 0.796354 0.830093 0.050000 0.043519
17 0.925781 0.444444 0.016146 0.031481
18 0.878906 0.209722 0.226562 0.395370
18 0.844010 0.526852 0.134896 0.205556
18 0.954948 0.547222 0.067187 0.161111
18 0.914062 0.968056 0.170833 0.063889
18 0.455990 0.935648 0.068229 0.084259
18 0.506250 0.901852 0.034375 0.109259
18 0.577604 0.972685 0.076042 0.054630
18 0.737240 0.263426 0.055729 0.176852
18 0.695833 0.042130 0.089583 0.067593
18 0.569792 0.085648 0.092708 0.169444
18 0.611719 0.288426 0.128646 0.213889
18 0.540365 0.501852 0.095312 0.198148
18 0.485156 0.324537 0.117188 0.125000
18 0.446094 0.461111 0.060937 0.094444
18 0.372656 0.402315 0.055729 0.123148
18 0.342448 0.295370 0.079687 0.100000
18 0.352344 0.199074 0.061979 0.092593
18 0.366146 0.096296 0.044792 0.088889
18 0.286458 0.212963 0.044792 0.074074
18 0.232813 0.184259 0.051042 0.133333
18 0.249479 0.083796 0.057292 0.060185
18 0.173958 0.207407 0.050000 0.075926
18 0.030208 0.209259 0.059375 0.416667
18 0.159115 0.437500 0.044271 0.087963
18 0.097656 0.501852 0.057813 0.075926
18 0.157292 0.533333 0.018750 0.046296
18 0.105729 0.618519 0.041667 0.057407
18 0.746615 0.807407 0.034896 0.094444
18 0.713542 0.658333 0.123958 0.159259
18 0.973437 0.721296 0.039583 0.135185
