15 0.064583 0.512963 0.037500 0.044444
15 0.080208 0.455556 0.020833 0.031481
15 0.224740 0.291667 0.017188 0.033333
15 0.279687 0.311111 0.018750 0.046296
15 0.299479 0.350000 0.018750 0.048148
15 0.314583 0.330093 0.015625 0.039815
15 0.506250 0.674074 0.089583 0.140741
15 0.422135 0.757870 0.049479 0.062037
15 0.472135 0.804167 0.035937 0.123148
15 0.628385 0.745370 0.045312 0.129630
15 0.648177 0.880556 0.046354 0.079630
15 0.730469 0.806019 0.061979 0.078704
15 0.767969 0.944907 0.114062 0.110185
15 0.875000 0.968981 0.080208 0.058333
15 0.788281 0.561111 0.030729 0.035185
15 0.878906 0.587037 0.026562 0.046296
15 0.879948 0.512500 0.030729 0.052778
15 0.909115 0.546296 0.022396 0.035185
15 0.591667 0.346296 0.017708 0.059259
15 0.620313 0.325463 0.021875 0.043519
15 0.980729 0.913426 0.038542 0.156481
15 0.534375 0.850000 0.026042 0.070370
15 0.690365 0.731019 0.016146 0.036111
15 0.665625 0.283333 0.015625 0.048148
16 0.276823 0.741667 0.156771 0.507407
16 0.061198 0.813889 0.121354 0.355556
16 0.164583 0.908333 0.067708 0.157407
16 0.047917 0.589815 0.090625 0.092593
16 0.235156 0.440278 0.050521 0.106481
16 0.328385 0.424074 0.043229 0.105556
16 0.261198 0.025926 0.033854 0.048148
16 0.216667 0.022222 0.018750 0.037037
16 0.492188 0.026389 0.043750 0.050926
16 0.612760 0.027778 0.092188 0.048148
16 0.403646 0.559722 0.058333 0.156481
16 0.405990 0.896296 0.049479 0.201852
16 0.464844 0.935185 0.050521 0.090741
16 0.912240 0.848611 0.028646 0.050926
16 0.759375 0.531481 0.017708 0.059259
16 0.957031 0.802778 0.016146 0.029630
16 0.922917 0.921759 0.021875 0.045370
17 0.164062 0.723148 0.052083 0.218519
17 0.109115 0.120370 0.029687 0.079630
17 0.105469 0.313426 0.017188 0.130556
17 0.182292 0.071296 0.028125 0.137037
17 0.164323 0.218056 0.035937 0.086111
17 0.146094 0.364815 0.018229 0.172222
17 0.285677 0.435185 0.036979 0.105556
17 0.375521 0.068056 0.033333 0.134259
17 0.769010 0.115741 0.031771 0.127778
17 0.794531 0.137037 0.018229 0.077778
17 0.733594 0.462963 0.050521 0.094444
17 0.710938 0.571296 0.046875 0.103704
17 0.681771 0.664815 0.040625 0.061111
17 0.840885 0.455556 0.044271 0.074074
17 0.881250 0.426852 0.026042 0.053704
17 0.830469 0.537500 0.028646 0.052778
17 0.786719 0.812500 0.029687 0.052778
17 0.877083 0.914815 0.039583 0.033333
17 0.447656 0.575463 0.022396 0.082407
17 0.474740 0.573611 0.016146 0.076852
17 0.559375 0.683796 0.034375 0.086111
17 0.564844 0.482870 0.035937 0.080556
17 0.466667 0.299074 0.021875 0.048148
17 0.477344 0.099537 0.016146 0.060185
17 0.474740 0.227315 0.014063 0.076852
17 0.825000 0.261574 0.019792 0.067593
18 0.895833 0.112963 0.195833 0.205556
18 0.925260 0.300926 0.148438 0.159259
18 0.955469 0.467593 0.080729 0.138889
18 0.964844 0.596296 0.067187 0.096296
15 0.960938 0.742130 0.072917 0.123148
18 0.841667 0.690741 0.130208 0.174074
18 0.751302 0.327315 0.138021 0.199074
18 0.708333 0.102315 0.081250 0.200926
18 0.636979 0.444444 0.083333 0.153704
18 0.634375 0.602315 0.070833 0.112037
18 0.533854 0.333333 0.085417 0.112963
18 0.596875 0.126852 0.118750 0.094444
18 0.582031 0.218981 0.096354 0.075000
18 0.498958 0.245833 0.027083 0.093519
18 0.432292 0.345370 0.040625 0.127778
18 0.463281 0.453704 0.055729 0.070370
18 0.539062 0.329630 0.047917 0.083333
18 0.531771 0.543056 0.043750 0.063889
18 0.041927 0.079167 0.082812 0.156481
18 0.038281 0.229630 0.075521 0.129630
18 0.048177 0.393056 0.073438 0.099074
18 0.114323 0.423148 0.027604 0.055556
18 0.185156 0.431944 0.040104 0.063889
18 0.130469 0.523611 0.054688 0.065741
18 0.584375 0.940278 0.037500 0.097222
18 0.527865 0.962500 0.041146 0.039815
18 0.849479 0.843056 0.065625 0.080556
18 0.795052 0.472222 0.034896 0.077778
18 0.369792 0.292130 0.071875 0.128704
18 0.415625 0.177778 0.059375 0.072222
18 0.430469 0.068056 0.044271 0.108333
18 0.322135 0.082407 0.063021 0.150000
18 0.314063 0.219444 0.073958 0.083333
18 0.240885 0.103704 0.074479 0.094444
18 0.219010 0.222685 0.050521 0.089815
18 0.135937 0.038889 0.056250 0.070370
18 0.107813 0.207407 0.033333 0.064815
18 0.593490 0.748611 0.018229 0.128704
18 0.744271 0.701852 0.050000 0.105556
