15 0.514583 0.691204 0.058333 0.154630
15 0.445833 0.779167 0.051042 0.075000
15 0.493229 0.825463 0.035417 0.110185
15 0.560937 0.722222 0.032292 0.083333
15 0.653125 0.753241 0.058333 0.128704
15 0.682031 0.897222 0.054688 0.094444
15 0.767188 0.826389 0.058333 0.063889
15 0.815625 0.947222 0.127083 0.088889
15 0.891406 0.579167 0.021354 0.039815
15 0.927865 0.555556 0.024479 0.037037
15 0.955729 0.550463 0.020833 0.043519
15 0.067187 0.520833 0.034375 0.041667
15 0.011458 0.445833 0.019792 0.041667
15 0.317708 0.332407 0.022917 0.022222
15 0.305990 0.356019 0.013021 0.036111
15 0.288281 0.318519 0.016146 0.048148
15 0.088802 0.462037 0.010937 0.018519
15 0.245052 0.312963 0.008854 0.037037
15 0.623437 0.321759 0.011458 0.032407
15 0.671094 0.286574 0.011979 0.054630
15 0.643229 0.318056 0.008333 0.041667
15 0.689583 0.308796 0.014583 0.028704
15 0.823698 0.585648 0.031771 0.052778
15 0.548958 0.864815 0.028125 0.081481
16 0.069010 0.812037 0.125521 0.359259
16 0.071615 0.587500 0.091146 0.078704
16 0.253385 0.919444 0.230729 0.161111
16 0.285938 0.710185 0.177083 0.266667
16 0.248177 0.487500 0.042188 0.160185
16 0.214062 0.534722 0.020833 0.075000
16 0.325260 0.536111 0.092188 0.077778
16 0.338281 0.447222 0.060937 0.103704
16 0.346615 0.377315 0.023438 0.047222
16 0.202083 0.377315 0.019792 0.041667
16 0.021875 0.509259 0.015625 0.037037
16 0.420833 0.598611 0.052083 0.186111
16 0.420052 0.931481 0.053646 0.131481
16 0.496354 0.954630 0.079167 0.085185
16 0.405990 0.774537 0.022396 0.132407
16 0.628906 0.025926 0.124479 0.044444
16 0.666146 0.078241 0.041667 0.052778
16 0.264844 0.024074 0.021354 0.037037
16 0.228385 0.015278 0.009896 0.019444
16 0.134896 0.030093 0.004167 0.021296
16 0.955729 0.867130 0.029167 0.039815
16 0.954688 0.948148 0.031250 0.042593
16 0.946615 0.455093 0.017188 0.026852
16 0.669792 0.969907 0.030208 0.032407
16 0.507812 0.025000 0.018750 0.038889
17 0.167708 0.727315 0.042708 0.213889
17 0.290625 0.448611 0.025000 0.087963
17 0.111458 0.324537 0.013542 0.125000
17 0.118750 0.130556 0.018750 0.059259
17 0.190104 0.050463 0.021875 0.099074
17 0.187240 0.153241 0.016146 0.078704
17 0.167708 0.249537 0.021875 0.063889
17 0.156771 0.371759 0.025000 0.113889
17 0.008594 0.238889 0.008854 0.022222
17 0.465625 0.591667 0.019792 0.105556
17 0.494531 0.572222 0.021354 0.096296
17 0.394531 0.069444 0.022396 0.137037
17 0.494271 0.074074 0.018750 0.131481
17 0.494531 0.234722 0.008854 0.062037
17 0.534115 0.581481 0.016146 0.048148
17 0.595313 0.510185 0.032292 0.057407
17 0.491927 0.326852 0.033854 0.055556
17 0.771615 0.477315 0.045312 0.087963
17 0.745052 0.582407 0.038021 0.085185
17 0.711979 0.659722 0.045833 0.073148
17 0.829167 0.833796 0.033333 0.037963
17 0.915365 0.934259 0.027604 0.048148
17 0.867708 0.560185 0.028125 0.068519
17 0.892188 0.489352 0.052083 0.050926
17 0.828646 0.140278 0.050000 0.091667
17 0.869531 0.272685 0.013021 0.049074
17 0.936458 0.416204 0.019792 0.017593
17 0.796354 0.282407 0.017708 0.029630
18 0.910156 0.055556 0.179688 0.094444
18 0.941927 0.245833 0.107813 0.284259
18 0.898698 0.715741 0.154688 0.181481
15 0.989844 0.768519 0.020313 0.144444
15 0.783854 0.731019 0.059375 0.115741
18 0.680469 0.445370 0.098437 0.148148
18 0.783854 0.731019 0.059375 0.115741
18 0.895833 0.870370 0.079167 0.070370
18 0.810677 0.365278 0.117188 0.106481
18 0.750521 0.113426 0.111458 0.225000
18 0.742708 0.272685 0.076042 0.060185
18 0.338281 0.059722 0.079687 0.113889
18 0.319531 0.189352 0.085938 0.112037
18 0.404687 0.305556 0.121875 0.096296
18 0.442448 0.164352 0.055729 0.141667
18 0.456510 0.038889 0.029687 0.075926
18 0.565625 0.318519 0.086458 0.114815
18 0.609635 0.176852 0.169271 0.125926
18 0.581771 0.077315 0.084375 0.050926
18 0.482031 0.446296 0.068229 0.114815
18 0.423698 0.427778 0.038021 0.098148
18 0.442969 0.161574 0.049479 0.108333
18 0.239583 0.115278 0.059375 0.086111
18 0.082292 0.040741 0.163542 0.079630
18 0.036198 0.136111 0.071354 0.101852
18 0.080729 0.225926 0.098958 0.048148
18 0.067187 0.315741 0.050000 0.103704
18 0.070833 0.418056 0.066667 0.062037
18 0.160156 0.469444 0.083854 0.072222
18 0.161458 0.553704 0.077083 0.068519
18 0.230208 0.235185 0.053125 0.083333
18 0.509896 0.258333 0.021875 0.103704
18 0.589063 0.436574 0.044792 0.089815
18 0.629427 0.609722 0.145313 0.113889
18 0.602865 0.758796 0.024479 0.130556
18 0.601562 0.942593 0.039583 0.114815
18 0.833594 0.489352 0.040104 0.073148
18 0.837760 0.259259 0.060937 0.088889
