15 0.086979 0.527315 0.046875 0.054630
15 0.334115 0.337037 0.022396 0.046296
15 0.315104 0.351852 0.017708 0.035185
15 0.297396 0.314352 0.011458 0.039815
15 0.366667 0.300000 0.008333 0.029630
15 0.383594 0.303241 0.009896 0.030556
15 0.589323 0.732407 0.081771 0.151852
15 0.492708 0.799537 0.066667 0.078704
15 0.546615 0.873148 0.030729 0.107407
15 0.733333 0.790741 0.059375 0.137037
15 0.769792 0.951389 0.053125 0.084259
15 0.860938 0.876389 0.071875 0.087963
15 0.803385 0.806481 0.033854 0.070370
15 0.871354 0.962963 0.033333 0.046296
15 0.924479 0.975000 0.045833 0.037037
15 0.917448 0.612037 0.041146 0.079630
15 0.762240 0.316667 0.014063 0.035185
15 0.691927 0.264815 0.009896 0.024074
16 0.073698 0.818056 0.146354 0.350926
16 0.281510 0.920370 0.257812 0.131481
16 0.315885 0.722222 0.202604 0.264815
16 0.320312 0.532870 0.181250 0.110185
16 0.371094 0.480093 0.086979 0.189815
16 0.264323 0.442130 0.034896 0.084259
16 0.084635 0.602778 0.083854 0.070370
16 0.034375 0.518981 0.023958 0.052778
16 0.464062 0.650463 0.044792 0.121296
16 0.462240 0.920370 0.055729 0.127778
16 0.448698 0.793981 0.030729 0.076852
16 0.704688 0.431481 0.032292 0.105556
16 0.827604 0.739352 0.019792 0.062037
16 0.659375 0.018519 0.167708 0.035185
16 0.677083 0.054167 0.064583 0.030556
16 0.473177 0.029167 0.041146 0.054630
16 0.261198 0.016667 0.021354 0.025926
16 0.825781 0.027778 0.023438 0.031481
17 0.186198 0.741204 0.040104 0.223148
17 0.303906 0.431019 0.034896 0.091667
17 0.519792 0.618519 0.027083 0.127778
17 0.553906 0.609722 0.026562 0.087963
17 0.859375 0.505556 0.047917 0.116667
17 0.970573 0.090741 0.028646 0.107407
17 0.960938 0.190741 0.053125 0.066667
17 0.831771 0.618519 0.056250 0.070370
17 0.798177 0.682407 0.053646 0.061111
17 0.735677 0.891667 0.034896 0.044444
17 0.639583 0.868981 0.035417 0.086111
17 0.931510 0.883796 0.051562 0.041667
17 0.977865 0.590278 0.028646 0.052778
17 0.561719 0.069907 0.022396 0.136111
17 0.447135 0.073148 0.023438 0.142593
17 0.217448 0.075926 0.029687 0.140741
17 0.196875 0.225000 0.035417 0.120370
17 0.176302 0.381481 0.022396 0.148148
17 0.136719 0.109722 0.029687 0.087963
17 0.132031 0.315278 0.016146 0.125000
17 0.755729 0.127315 0.007292 0.058333
17 0.781510 0.211111 0.009896 0.044444
17 0.679948 0.545833 0.047396 0.069444
17 0.601823 0.407870 0.024479 0.063889
17 0.644531 0.734259 0.025521 0.072222
17 0.635156 0.869444 0.020313 0.048148
17 0.471875 0.564352 0.018750 0.041667
17 0.900521 0.477315 0.017708 0.062037
17 0.021354 0.237500 0.014583 0.030556
17 0.009635 0.574537 0.018229 0.119444
17 0.555729 0.231944 0.012500 0.086111
18 0.905208 0.065741 0.104167 0.127778
18 0.813021 0.146296 0.076042 0.070370
18 0.891927 0.278704 0.068229 0.277778
18 0.965104 0.364815 0.069792 0.264815
18 0.785677 0.466204 0.100521 0.206481
18 0.817969 0.315278 0.060937 0.089815
18 0.765365 0.613889 0.069271 0.057407
18 0.684896 0.615278 0.039583 0.076852
18 0.683854 0.785185 0.052083 0.187037
18 0.584896 0.903241 0.035417 0.136111
18 0.513802 0.920370 0.027604 0.101852
18 0.923438 0.760648 0.139583 0.139815
18 0.979427 0.923611 0.033854 0.152778
18 0.648438 0.321296 0.090625 0.092593
18 0.678125 0.159259 0.137500 0.094444
18 0.620573 0.387963 0.002604 0.046296
18 0.585156 0.504167 0.100521 0.087963
18 0.376823 0.060648 0.108854 0.106481
18 0.373698 0.191204 0.106771 0.137963
18 0.484896 0.346296 0.071875 0.346296
18 0.560156 0.331944 0.065104 0.080556
18 0.552083 0.418981 0.032292 0.063889
18 0.579688 0.508796 0.078125 0.062037
18 0.422917 0.339352 0.039583 0.076852
18 0.247396 0.219444 0.052083 0.109259
18 0.060937 0.444907 0.110417 0.095370
18 0.139844 0.468056 0.033854 0.156481
18 0.191927 0.520370 0.028646 0.090741
18 0.037760 0.054167 0.074479 0.104630
18 0.061719 0.167593 0.110937 0.107407
18 0.101823 0.059722 0.036979 0.102778
18 0.156771 0.020833 0.071875 0.039815
18 0.084115 0.283333 0.070312 0.101852
18 0.060937 0.363426 0.098958 0.050926
18 0.635156 0.242593 0.067187 0.068519
18 0.580208 0.229630 0.031250 0.072222
18 0.529167 0.115741 0.038542 0.088889
