15 0.100000 0.548148 0.043750 0.048148
15 0.130208 0.490278 0.026042 0.052778
15 0.339323 0.346296 0.016146 0.085185
15 0.305990 0.324537 0.013021 0.060185
15 0.325000 0.368519 0.005208 0.055556
15 0.279687 0.327778 0.013542 0.057407
15 0.234375 0.321759 0.007292 0.028704
15 0.376042 0.309722 0.007292 0.056481
15 0.392708 0.312037 0.004167 0.044444
15 0.526042 0.832407 0.062500 0.074074
15 0.629687 0.743056 0.095833 0.139815
15 0.579948 0.884259 0.038021 0.120370
15 0.791406 0.827778 0.065104 0.153704
15 0.813802 0.968519 0.039062 0.057407
15 0.914062 0.906019 0.084375 0.086111
15 0.975000 0.625926 0.037500 0.112963
16 0.335156 0.768519 0.196354 0.462963
16 0.076042 0.824074 0.141667 0.348148
16 0.091406 0.614815 0.097396 0.068519
16 0.271354 0.464352 0.031250 0.091667
16 0.383854 0.459722 0.097917 0.126852
16 0.390625 0.373148 0.059375 0.046296
16 0.193750 0.929167 0.078125 0.128704
16 0.161458 0.785185 0.022917 0.138889
16 0.664583 0.023611 0.142708 0.045370
16 0.868229 0.031944 0.093750 0.056481
16 0.681771 0.062037 0.065625 0.024074
16 0.356250 0.018981 0.031250 0.034259
16 0.271094 0.018981 0.021354 0.030556
16 0.504427 0.026852 0.030729 0.050000
16 0.753646 0.489815 0.028125 0.103704
16 0.884375 0.766204 0.030208 0.058333
16 0.486458 0.677315 0.046875 0.169444
16 0.472396 0.884722 0.026042 0.202778
16 0.515365 0.937500 0.043229 0.108333
16 0.184896 0.043056 0.007292 0.036111
16 0.227604 0.390278 0.031250 0.045370
17 0.209635 0.770833 0.047396 0.228704
17 0.309635 0.449537 0.041146 0.121296
17 0.020833 0.572222 0.038542 0.137037
17 0.479167 0.090741 0.025000 0.148148
17 0.239323 0.036574 0.029687 0.058333
17 0.152604 0.131019 0.011458 0.087963
17 0.142969 0.336111 0.022396 0.137037
17 0.233854 0.132407 0.018750 0.090741
17 0.207292 0.238426 0.034375 0.063889
17 0.199479 0.325926 0.020833 0.057407
17 0.194271 0.411574 0.016667 0.075000
17 0.030469 0.249537 0.016146 0.037963
17 0.598698 0.092130 0.018229 0.075000
17 0.593750 0.213889 0.015625 0.116667
17 0.941927 0.498611 0.055729 0.108333
17 0.891927 0.642130 0.054688 0.086111
17 0.847917 0.748611 0.038542 0.065741
17 0.775781 0.934259 0.030729 0.048148
17 0.703125 0.937963 0.032292 0.118519
17 0.694531 0.762963 0.034896 0.087037
17 0.545833 0.626389 0.019792 0.125000
17 0.583333 0.622685 0.032292 0.119444
17 0.702344 0.536111 0.024479 0.103704
17 0.633333 0.410185 0.015625 0.040741
17 0.670573 0.912963 0.030729 0.094444
17 0.630990 0.628241 0.035937 0.054630
17 0.808073 0.221759 0.018229 0.049074
17 0.862760 0.088426 0.021354 0.063889
17 0.975781 0.932870 0.028646 0.054630
18 0.943490 0.250463 0.113021 0.365741
18 0.960156 0.035648 0.069271 0.050926
18 0.838542 0.410185 0.091667 0.337037
18 0.805729 0.639815 0.103125 0.107407
18 0.665104 0.140278 0.066667 0.121296
18 0.663021 0.291204 0.036458 0.121296
18 0.586979 0.361574 0.054167 0.086111
18 0.520052 0.374074 0.049479 0.146296
18 0.446615 0.309259 0.049479 0.094444
18 0.409375 0.177315 0.077083 0.119444
18 0.412500 0.050926 0.067708 0.100000
18 0.074740 0.093981 0.146354 0.184259
18 0.060937 0.415741 0.109375 0.101852
18 0.232552 0.461111 0.035937 0.072222
18 0.180990 0.549537 0.045312 0.112037
18 0.168750 0.450926 0.025000 0.057407
18 0.261458 0.231944 0.043750 0.095370
18 0.093229 0.252778 0.069792 0.111111
18 0.593490 0.475926 0.050521 0.125926
18 0.656250 0.515741 0.042708 0.112963
18 0.695312 0.419444 0.047917 0.094444
18 0.523438 0.623611 0.027083 0.063889
18 0.566927 0.972222 0.049479 0.042593
18 0.724740 0.650463 0.042188 0.069444
18 0.814063 0.130556 0.058333 0.103704
18 0.736198 0.115741 0.053646 0.044444
17 0.733073 0.168519 0.020313 0.025926
18 0.741146 0.206481 0.058333 0.038889
18 0.553906 0.044444 0.038021 0.077778
18 0.560156 0.139352 0.046354 0.099074
18 0.614583 0.230093 0.033333 0.110185
18 0.530990 0.243519 0.084896 0.101852
18 0.459635 0.387963 0.030729 0.055556
18 0.492708 0.511574 0.032292 0.069444
18 0.535937 0.516667 0.042708 0.070370
18 0.676823 0.632870 0.035937 0.063889
16 0.779687 0.029167 0.058333 0.050926
18 0.715885 0.317593 0.049479 0.081481
18 0.168490 0.659259 0.030729 0.059259
18 0.734375 0.818519 0.032292 0.196296
18 0.618750 0.938426 0.029167 0.123148
18 0.954948 0.794444 0.074479 0.138889
