15 0.121094 0.551389 0.043229 0.041667
15 0.013281 0.369907 0.019271 0.052778
15 0.317708 0.324537 0.014583 0.050926
15 0.336198 0.356481 0.015104 0.031481
15 0.353125 0.339815 0.018750 0.046296
15 0.384375 0.306944 0.006250 0.041667
15 0.403906 0.312500 0.013021 0.026852
15 0.252865 0.301389 0.003646 0.017593
15 0.145573 0.494907 0.022396 0.030556
15 0.586458 0.871759 0.070833 0.075000
15 0.644531 0.904167 0.046354 0.147222
15 0.710417 0.787037 0.097917 0.157407
15 0.754687 0.887500 0.026042 0.034259
15 0.702604 0.977778 0.018750 0.038889
15 0.881250 0.876389 0.080208 0.158333
15 0.878646 0.393981 0.018750 0.039815
15 0.707552 0.314352 0.008854 0.026852
15 0.979948 0.949537 0.029687 0.084259
15 0.947917 0.893056 0.025000 0.058333
16 0.364063 0.778241 0.219792 0.430556
16 0.092708 0.825000 0.177083 0.314815
16 0.217708 0.929167 0.058333 0.119444
16 0.384635 0.519444 0.203646 0.061111
16 0.069010 0.587500 0.043229 0.145370
16 0.127344 0.630556 0.053646 0.062963
16 0.405469 0.414815 0.068229 0.142593
16 0.358594 0.449074 0.027604 0.092593
16 0.247396 0.384722 0.026042 0.036111
16 0.703906 0.026389 0.043229 0.041667
16 0.909896 0.035185 0.169792 0.068519
16 0.356771 0.019907 0.028125 0.032407
16 0.219010 0.024537 0.014063 0.032407
16 0.977604 0.833333 0.027083 0.050000
16 0.846615 0.532407 0.038021 0.061111
16 0.535937 0.693519 0.052083 0.325926
16 0.524479 0.937037 0.052083 0.120370
16 0.580729 0.957407 0.041667 0.081481
16 0.595573 0.017593 0.042188 0.033333
16 0.023958 0.650463 0.032292 0.032407
17 0.025521 0.573148 0.038542 0.170370
17 0.222917 0.769444 0.056250 0.209259
17 0.315885 0.443519 0.033854 0.100000
17 0.279167 0.037963 0.039583 0.055556
17 0.262240 0.129167 0.035937 0.100926
17 0.230469 0.251852 0.041146 0.081481
17 0.213021 0.393519 0.016667 0.146296
17 0.164583 0.362500 0.020833 0.087963
17 0.609115 0.666204 0.024479 0.147222
17 0.648438 0.661111 0.038542 0.116667
17 0.767708 0.805093 0.034375 0.112037
17 0.673698 0.089352 0.020313 0.171296
17 0.794010 0.572222 0.031771 0.087037
17 0.643229 0.476389 0.020833 0.060185
17 0.980469 0.700463 0.023438 0.084259
17 0.951042 0.806019 0.026042 0.097222
17 0.845313 0.647685 0.040625 0.087963
17 0.709115 0.669444 0.035937 0.057407
17 0.825521 0.459259 0.016667 0.035185
17 0.459896 0.403704 0.013542 0.077778
17 0.484635 0.414815 0.010937 0.072222
18 0.575521 0.401389 0.131250 0.217593
18 0.734375 0.447685 0.158333 0.182407
18 0.717187 0.587500 0.079167 0.071296
18 0.952604 0.515278 0.093750 0.215741
18 0.981771 0.217593 0.031250 0.114815
18 0.908854 0.678704 0.090625 0.116667
18 0.811979 0.860648 0.043750 0.247222
18 0.709635 0.915741 0.040104 0.048148
18 0.783333 0.324537 0.092708 0.054630
18 0.469010 0.143056 0.136979 0.262037
18 0.089844 0.102315 0.166146 0.180556
18 0.094271 0.255093 0.168750 0.084259
18 0.086458 0.402778 0.105208 0.116667
18 0.191406 0.568981 0.047396 0.134259
18 0.248438 0.464352 0.046875 0.049074
18 0.180729 0.458333 0.038542 0.059259
18 0.193490 0.062037 0.022396 0.094444
18 0.590104 0.234722 0.072917 0.052778
17 0.545833 0.087037 0.032292 0.150000
17 0.811198 0.129630 0.017188 0.057407
17 0.847917 0.229630 0.036458 0.055556
17 0.904948 0.091667 0.026562 0.053704
18 0.918490 0.205093 0.066146 0.099074
18 0.878125 0.316667 0.069792 0.061111
18 0.707812 0.196296 0.038542 0.094444
18 0.682292 0.311111 0.048958 0.090741
18 0.771615 0.243519 0.089063 0.083333
18 0.766146 0.103704 0.063542 0.183333
18 0.601042 0.155556 0.060417 0.131481
18 0.326042 0.121296 0.051042 0.062963
18 0.379688 0.113889 0.044792 0.114815
18 0.355990 0.225000 0.069271 0.059259
18 0.287760 0.244907 0.034896 0.086111
