15 0.128646 0.562500 0.048958 0.054630
15 0.718229 0.787500 0.077083 0.156481
15 0.597656 0.878704 0.080729 0.070370
15 0.661198 0.916204 0.034896 0.158333
15 0.902344 0.890278 0.080729 0.145370
15 0.317708 0.321759 0.014583 0.063889
15 0.015885 0.373611 0.030729 0.052778
15 0.340104 0.353241 0.014583 0.050926
15 0.352865 0.331944 0.010937 0.039815
15 0.297396 0.316204 0.013542 0.043519
15 0.385417 0.307870 0.013542 0.026852
15 0.485677 0.385648 0.005729 0.006481
15 0.412760 0.286111 0.008854 0.035185
15 0.429948 0.306481 0.013021 0.037037
16 0.082812 0.822222 0.162500 0.355556
16 0.321615 0.943981 0.295312 0.095370
16 0.371615 0.754167 0.236979 0.258333
16 0.391667 0.552778 0.214583 0.114815
16 0.401042 0.442130 0.077083 0.202778
16 0.346875 0.421759 0.022917 0.028704
16 0.472396 0.518519 0.058333 0.164815
16 0.276042 0.580093 0.018750 0.050926
16 0.112240 0.616204 0.107813 0.056481
16 0.069271 0.534259 0.033333 0.046296
16 0.599219 0.017130 0.049479 0.032407
16 0.362240 0.010185 0.040104 0.018519
16 0.715885 0.015741 0.042188 0.029630
16 0.914323 0.038889 0.169271 0.074074
16 0.677083 0.018056 0.017708 0.034259
16 0.544010 0.684259 0.034896 0.264815
16 0.534635 0.910648 0.044271 0.156481
16 0.586198 0.957870 0.045312 0.065741
16 0.582552 0.754167 0.026562 0.080556
16 0.300260 0.477778 0.015104 0.044444
16 0.253646 0.400000 0.031250 0.044444
16 0.182031 0.805093 0.030729 0.178704
17 0.227344 0.795833 0.036979 0.213889
17 0.025260 0.559259 0.042188 0.150000
17 0.279948 0.068056 0.016146 0.134259
17 0.257292 0.201852 0.032292 0.083333
17 0.238021 0.252315 0.038542 0.087963
17 0.225260 0.336574 0.023438 0.043519
17 0.217448 0.407407 0.024479 0.079630
17 0.167708 0.359722 0.012500 0.095370
17 0.312500 0.414352 0.012500 0.060185
17 0.325260 0.478704 0.020313 0.037037
17 0.459115 0.393519 0.019271 0.070370
17 0.559375 0.088426 0.034375 0.162037
17 0.695833 0.089815 0.019792 0.118519
17 0.658854 0.667130 0.037500 0.110185
17 0.664844 0.512963 0.024479 0.118519
17 0.669271 0.793519 0.026042 0.055556
17 0.722135 0.684259 0.036979 0.048148
17 0.786719 0.822222 0.034896 0.103704
17 0.821875 0.597685 0.028125 0.045370
17 0.917969 0.776389 0.029687 0.102778
17 0.977865 0.798148 0.028646 0.077778
17 0.925260 0.982407 0.092188 0.022222
17 0.870573 0.652778 0.042188 0.072222
17 0.785937 0.488889 0.023958 0.057407
17 0.846615 0.220370 0.016146 0.046296
17 0.819271 0.120370 0.018750 0.051852
17 0.907813 0.089815 0.019792 0.070370
17 0.927604 0.387500 0.012500 0.095370
17 0.883073 0.396296 0.017188 0.022222
16 0.859375 0.549074 0.012500 0.033333
18 0.722135 0.475926 0.054688 0.218519
18 0.948958 0.575000 0.086458 0.231481
18 0.202083 0.541204 0.065625 0.119444
18 0.096615 0.413889 0.115104 0.105556
18 0.184896 0.453241 0.027083 0.049074
18 0.093229 0.110185 0.176042 0.200000
18 0.104167 0.247222 0.207292 0.064815
18 0.085677 0.321759 0.126562 0.063889
18 0.221094 0.075926 0.067187 0.140741
18 0.312760 0.235185 0.047396 0.096296
18 0.322917 0.108333 0.059375 0.085185
18 0.398438 0.103704 0.039583 0.050000
16 0.396354 0.055093 0.057292 0.049074
18 0.474740 0.135648 0.111979 0.269444
18 0.565625 0.375926 0.161458 0.175926
18 0.596875 0.239352 0.102083 0.087963
18 0.809375 0.368519 0.092708 0.120370
18 0.777344 0.643519 0.030729 0.196296
18 0.854167 0.752778 0.083333 0.096296
18 0.835417 0.887500 0.045833 0.123148
18 0.727083 0.953241 0.071875 0.075000
18 0.949219 0.204167 0.094271 0.100926
18 0.783854 0.235185 0.037500 0.092593
18 0.721354 0.198148 0.043750 0.090741
18 0.695833 0.301389 0.066667 0.106481
18 0.665365 0.143519 0.048438 0.122222
18 0.647135 0.042130 0.041146 0.082407
16 0.779687 0.031944 0.075000 0.049074
16 0.779687 0.031944 0.075000 0.049074
18 0.861458 0.125000 0.036458 0.044444
18 0.596094 0.637037 0.033854 0.103704
18 0.707812 0.625000 0.040625 0.044444
18 0.612240 0.532407 0.050521 0.096296
