15 0.154688 0.577315 0.058333 0.050926
15 0.034896 0.377315 0.021875 0.067593
15 0.100521 0.368519 0.032292 0.027778
15 0.062760 0.486111 0.018229 0.035185
15 0.366146 0.347222 0.017708 0.048148
15 0.351823 0.365741 0.014063 0.037037
15 0.332552 0.318981 0.017188 0.030556
15 0.393490 0.316204 0.011979 0.026852
15 0.415104 0.317593 0.011458 0.033333
15 0.421094 0.284259 0.010937 0.020370
15 0.429948 0.303704 0.005729 0.012963
15 0.515104 0.393981 0.025000 0.026852
15 0.453385 0.306944 0.010937 0.028704
15 0.470573 0.345370 0.009896 0.012963
15 0.833073 0.854167 0.102604 0.176852
15 0.759635 0.942593 0.048438 0.096296
15 0.685417 0.947222 0.094792 0.092593
16 0.093750 0.834259 0.180208 0.331481
16 0.202344 0.868056 0.044271 0.247222
16 0.386979 0.963889 0.300000 0.072222
16 0.417969 0.772685 0.282813 0.273148
16 0.416146 0.490741 0.070833 0.268519
16 0.339844 0.587500 0.067187 0.097222
16 0.286719 0.617130 0.020313 0.028704
16 0.482292 0.528704 0.053125 0.185185
16 0.559375 0.566667 0.034375 0.107407
16 0.616927 0.637037 0.035937 0.094444
16 0.616406 0.777315 0.061979 0.115741
16 0.604948 0.930556 0.060937 0.129630
16 0.083073 0.562963 0.035937 0.092593
16 0.136719 0.638426 0.116146 0.034259
16 0.010417 0.585185 0.019792 0.140741
16 0.683594 0.033333 0.067187 0.064815
16 0.473177 0.041667 0.048438 0.068519
16 0.433333 0.032407 0.026042 0.061111
16 0.367969 0.024074 0.016146 0.033333
16 0.907292 0.040741 0.184375 0.079630
16 0.989062 0.457407 0.018750 0.066667
16 0.658333 0.789815 0.013542 0.055556
17 0.043490 0.582407 0.042188 0.135185
17 0.248177 0.812963 0.048438 0.216667
17 0.239583 0.129167 0.017708 0.069444
17 0.337240 0.037963 0.028646 0.072222
17 0.317708 0.123611 0.027083 0.156481
17 0.295833 0.242593 0.040625 0.046296
17 0.283594 0.283333 0.013021 0.048148
17 0.271875 0.355093 0.030208 0.047222
17 0.253906 0.435648 0.026562 0.087963
17 0.203646 0.395833 0.014583 0.034259
17 0.016406 0.136111 0.015104 0.035185
17 0.642448 0.079167 0.022396 0.143519
17 0.714583 0.698148 0.021875 0.092593
17 0.751563 0.818981 0.037500 0.084259
17 0.800521 0.075926 0.020833 0.150000
17 0.782031 0.561111 0.035937 0.070370
17 0.776042 0.631944 0.031250 0.062037
17 0.743750 0.686574 0.020833 0.087963
17 0.765885 0.750463 0.021354 0.026852
17 0.839063 0.722222 0.031250 0.051852
17 0.903646 0.916667 0.026042 0.057407
17 0.966927 0.489352 0.016146 0.134259
17 0.523698 0.550463 0.020313 0.132407
17 0.470833 0.399537 0.016667 0.076852
17 0.338802 0.472222 0.022396 0.055556
17 0.886979 0.233796 0.009375 0.045370
17 0.954688 0.098148 0.013542 0.070370
17 0.947656 0.234722 0.009896 0.030556
18 0.140885 0.042130 0.278646 0.069444
18 0.146615 0.138426 0.158854 0.097222
18 0.167969 0.262500 0.166146 0.121296
18 0.029167 0.248611 0.057292 0.134259
18 0.102344 0.431481 0.095312 0.070370
18 0.202083 0.472222 0.058333 0.112963
18 0.261979 0.522685 0.029167 0.063889
18 0.237760 0.592130 0.063021 0.100926
18 0.221615 0.696296 0.032813 0.057407
18 0.673438 0.662500 0.039583 0.184259
18 0.677865 0.869907 0.041146 0.071296
18 0.725000 0.602778 0.036458 0.070370
18 0.821354 0.658333 0.054167 0.066667
18 0.867188 0.568056 0.123958 0.113889
18 0.912760 0.706944 0.094271 0.136111
18 0.938281 0.825463 0.102604 0.110185
18 0.963021 0.944907 0.070833 0.110185
18 0.696875 0.438889 0.182292 0.244444
18 0.858333 0.425000 0.104167 0.137037
18 0.966927 0.375926 0.058854 0.088889
18 0.872135 0.312500 0.076563 0.075000
18 0.812500 0.306019 0.022917 0.110185
18 0.836719 0.207870 0.032813 0.063889
18 0.764062 0.140278 0.050000 0.084259
18 0.745573 0.043056 0.045312 0.084259
18 0.566667 0.125000 0.123958 0.242593
18 0.577865 0.350926 0.054688 0.196296
18 0.690365 0.243981 0.093229 0.132407
18 0.768490 0.256019 0.018229 0.125000
18 0.891406 0.151389 0.070312 0.100926
18 0.969531 0.193056 0.035937 0.071296
18 0.359375 0.135648 0.043750 0.071296
18 0.353385 0.255556 0.055729 0.072222
18 0.441146 0.136111 0.080208 0.092593
18 0.432812 0.227315 0.084375 0.073148
18 0.516667 0.326389 0.053125 0.099074
18 0.666146 0.134259 0.029167 0.081481
18 0.838542 0.115278 0.025000 0.050926
