15 0.172656 0.583333 0.051562 0.061111
15 0.048177 0.382870 0.028646 0.062037
15 0.383333 0.350926 0.019792 0.050000
15 0.609635 0.447685 0.023438 0.080556
15 0.531250 0.394444 0.019792 0.024074
15 0.402083 0.306944 0.010417 0.041667
15 0.428125 0.283333 0.005208 0.018519
15 0.316667 0.325463 0.007292 0.026852
15 0.205729 0.531481 0.026042 0.007407
15 0.903125 0.880556 0.116667 0.150000
15 0.833073 0.950463 0.057813 0.076852
15 0.745052 0.969444 0.082812 0.035185
16 0.106510 0.828704 0.211979 0.301852
16 0.091927 0.544907 0.047396 0.067593
16 0.015885 0.596296 0.030729 0.140741
16 0.136458 0.645833 0.121875 0.069444
16 0.399219 0.958796 0.355729 0.073148
16 0.439583 0.786111 0.306250 0.229630
16 0.430990 0.497222 0.068229 0.318519
16 0.366927 0.586111 0.063021 0.103704
16 0.315104 0.637500 0.039583 0.050926
16 0.499479 0.539352 0.058333 0.180556
16 0.583073 0.587037 0.059896 0.125926
16 0.664583 0.670833 0.038542 0.086111
16 0.670573 0.812500 0.070312 0.119444
16 0.659115 0.942593 0.080729 0.101852
16 0.947396 0.036574 0.097917 0.069444
16 0.730469 0.016667 0.036979 0.031481
16 0.481250 0.029167 0.079167 0.054630
16 0.383594 0.463426 0.027604 0.112037
16 0.558594 0.444444 0.022396 0.035185
17 0.055990 0.591204 0.034896 0.165741
17 0.264583 0.814352 0.046875 0.212037
17 0.364844 0.034259 0.022396 0.066667
17 0.541406 0.564815 0.023438 0.138889
17 0.349740 0.484259 0.022396 0.048148
17 0.479167 0.399537 0.027083 0.089815
17 0.289844 0.363889 0.028646 0.051852
17 0.272396 0.432407 0.026042 0.062963
17 0.292708 0.252315 0.027083 0.075000
17 0.316927 0.254167 0.030729 0.041667
17 0.340625 0.098611 0.020833 0.167593
17 0.265885 0.131481 0.022396 0.079630
17 0.710156 0.079630 0.026562 0.148148
17 0.886458 0.077315 0.023958 0.152778
17 0.820052 0.735648 0.029687 0.084259
17 0.777083 0.727778 0.020833 0.107407
17 0.832292 0.887500 0.034375 0.058333
17 0.823177 0.641667 0.028646 0.088889
17 0.872656 0.772685 0.019271 0.075000
17 0.923177 0.771759 0.035937 0.080556
17 0.980990 0.963426 0.022396 0.067593
17 0.863542 0.619907 0.019792 0.089815
18 0.731510 0.911574 0.048438 0.078704
18 0.767969 0.842130 0.036979 0.125000
18 0.779427 0.452315 0.251563 0.262037
18 0.724479 0.684722 0.064583 0.173148
18 0.953385 0.535648 0.090104 0.386111
18 0.973177 0.775463 0.030729 0.075000
18 0.614062 0.113426 0.156250 0.215741
18 0.707812 0.274537 0.291667 0.084259
18 0.827344 0.037963 0.054688 0.068519
18 0.764062 0.107870 0.066667 0.063889
18 0.841667 0.136574 0.055208 0.108333
18 0.904167 0.255093 0.059375 0.145370
18 0.972396 0.216204 0.046875 0.213889
18 0.094010 0.067593 0.186979 0.124074
18 0.222917 0.110648 0.060417 0.204630
18 0.291146 0.048148 0.058333 0.081481
18 0.058333 0.170833 0.114583 0.071296
18 0.150260 0.216667 0.055729 0.161111
18 0.031510 0.274537 0.061979 0.110185
18 0.232292 0.281019 0.086458 0.119444
18 0.189583 0.481481 0.103125 0.079630
18 0.251302 0.597685 0.066146 0.089815
18 0.239583 0.719907 0.030208 0.036111
18 0.288802 0.512500 0.068229 0.062037
18 0.376823 0.249537 0.053646 0.095370
18 0.100000 0.441204 0.043750 0.099074
18 0.039323 0.447685 0.055729 0.047222
18 0.384115 0.238426 0.070312 0.099074
18 0.425000 0.058796 0.036458 0.106481
18 0.492448 0.134722 0.116146 0.102778
18 0.444792 0.233333 0.036458 0.057407
18 0.511458 0.234722 0.052083 0.065741
18 0.531510 0.316204 0.048438 0.087963
18 0.579948 0.422685 0.021354 0.097222
18 0.183073 0.402778 0.080729 0.096296
