15 0.178646 0.587963 0.052083 0.061111
15 0.037760 0.370370 0.029687 0.027778
15 0.113802 0.383796 0.023438 0.034259
15 0.095833 0.346296 0.012500 0.027778
15 0.613021 0.444444 0.025000 0.074074
15 0.536458 0.393519 0.026042 0.035185
15 0.384635 0.347685 0.022396 0.049074
15 0.404948 0.302315 0.010937 0.037963
15 0.426823 0.313426 0.007812 0.025000
15 0.439323 0.287500 0.009896 0.026852
15 0.459375 0.303704 0.012500 0.022222
15 0.933854 0.899537 0.096875 0.173148
15 0.851042 0.952315 0.059375 0.076852
15 0.787760 0.973611 0.061979 0.039815
16 0.115625 0.832407 0.222917 0.329630
16 0.452865 0.828241 0.300521 0.326852
16 0.261979 0.959259 0.054167 0.077778
16 0.426042 0.599074 0.188542 0.148148
16 0.432552 0.431481 0.057813 0.175926
16 0.384635 0.463426 0.029687 0.099074
16 0.499479 0.479167 0.063542 0.087963
16 0.594271 0.583333 0.066667 0.146296
16 0.542188 0.640278 0.041667 0.026852
16 0.685417 0.678704 0.033333 0.125926
16 0.687500 0.827778 0.079167 0.131481
16 0.675260 0.950463 0.080729 0.099074
16 0.961458 0.026389 0.069792 0.050926
16 0.492188 0.022222 0.078125 0.042593
16 0.473958 0.060185 0.025000 0.024074
16 0.894792 0.018981 0.025000 0.034259
18 0.091406 0.071296 0.181771 0.140741
18 0.220052 0.131944 0.058854 0.260185
18 0.064062 0.195833 0.125000 0.086111
18 0.163021 0.247222 0.052083 0.170370
18 0.233594 0.312037 0.077604 0.092593
18 0.176302 0.496759 0.176563 0.099074
18 0.174479 0.401389 0.083333 0.067593
18 0.299219 0.517130 0.049479 0.097222
18 0.252604 0.596759 0.065625 0.087963
18 0.243490 0.715741 0.034896 0.074074
17 0.730990 0.069444 0.029687 0.137037
17 0.370833 0.034259 0.025000 0.051852
17 0.346354 0.091667 0.021875 0.140741
17 0.275000 0.123611 0.026042 0.069444
17 0.339323 0.201852 0.028646 0.048148
17 0.309635 0.269907 0.045312 0.043519
17 0.285156 0.406944 0.023438 0.056481
17 0.842448 0.752778 0.034896 0.088889
17 0.800781 0.731019 0.028646 0.100926
17 0.858073 0.885185 0.028646 0.044444
17 0.917969 0.082407 0.013021 0.150000
17 0.548438 0.565741 0.022917 0.150000
17 0.483854 0.397685 0.030208 0.087963
17 0.357812 0.493981 0.026042 0.050926
17 0.270052 0.842593 0.043229 0.174074
16 0.015104 0.590741 0.021875 0.138889
17 0.055208 0.583333 0.045833 0.150000
17 0.863281 0.654630 0.027604 0.059259
17 0.898698 0.624074 0.030729 0.046296
17 0.812240 0.806481 0.022396 0.035185
17 0.772917 0.919444 0.044792 0.046296
17 0.953906 0.779630 0.032813 0.083333
17 0.892448 0.766204 0.025521 0.078704
17 0.409896 0.030093 0.031250 0.013889
18 0.632031 0.121759 0.132812 0.223148
18 0.505729 0.109259 0.033333 0.051852
18 0.436719 0.110648 0.040104 0.041667
18 0.393229 0.126852 0.039583 0.048148
18 0.447135 0.156019 0.048438 0.004630
18 0.513802 0.156481 0.064062 0.020370
18 0.483333 0.204167 0.063542 0.036111
18 0.546875 0.247222 0.012500 0.077778
18 0.459635 0.263426 0.075521 0.039815
18 0.379167 0.243519 0.045833 0.061111
18 0.330729 0.351852 0.028125 0.048148
18 0.658854 0.328241 0.123958 0.178704
18 0.686719 0.440741 0.048438 0.037037
18 0.834115 0.478704 0.167187 0.209259
18 0.789062 0.315278 0.102083 0.086111
18 0.779687 0.226852 0.100000 0.055556
18 0.753125 0.173148 0.066667 0.040741
16 0.768750 0.037963 0.058333 0.074074
18 0.872656 0.139815 0.048438 0.092593
18 0.855208 0.035648 0.047917 0.063889
18 0.908854 0.267130 0.045833 0.117593
18 0.948698 0.194444 0.029687 0.081481
18 0.964844 0.112037 0.036979 0.057407
18 0.894271 0.300000 0.062500 0.125926
18 0.966927 0.309259 0.039062 0.094444
18 0.958854 0.462963 0.061458 0.161111
18 0.957031 0.611574 0.065104 0.132407
18 0.746354 0.671759 0.073958 0.143519
18 0.746875 0.798611 0.032292 0.076852
18 0.819271 0.639352 0.040625 0.060185
18 0.940104 0.708796 0.084375 0.036111
18 0.354427 0.418981 0.030729 0.037963
16 0.319792 0.418519 0.040625 0.046296
