15 0.134896 0.418981 0.028125 0.037963
15 0.202344 0.623148 0.052604 0.038889
15 0.014583 0.382407 0.013542 0.025926
15 0.021875 0.462963 0.015625 0.027778
15 0.071094 0.431481 0.015104 0.057407
15 0.359375 0.332870 0.013542 0.039815
15 0.098958 0.526852 0.013542 0.007407
15 0.636458 0.474537 0.010417 0.054630
15 0.555208 0.398611 0.018750 0.028704
15 0.576302 0.381944 0.021354 0.019444
15 0.689323 0.441667 0.021354 0.070370
15 0.713802 0.446296 0.021354 0.057407
15 0.718750 0.405556 0.013542 0.033333
15 0.692187 0.346296 0.009375 0.050000
15 0.377865 0.360185 0.008854 0.022222
16 0.139323 0.838889 0.270313 0.303704
16 0.027083 0.615278 0.043750 0.152778
16 0.115625 0.603241 0.039583 0.078704
16 0.174479 0.661574 0.112500 0.034259
16 0.501042 0.854630 0.339583 0.277778
16 0.482031 0.576389 0.134896 0.269444
16 0.384896 0.625926 0.044792 0.103704
16 0.649740 0.613889 0.120313 0.162963
16 0.775781 0.902778 0.073438 0.159259
16 0.758073 0.718519 0.015104 0.125926
16 0.461719 0.064352 0.011979 0.028704
16 0.869271 0.031019 0.045833 0.058333
16 0.517969 0.016667 0.016146 0.018519
16 0.218490 0.021296 0.015104 0.018519
16 0.451823 0.390741 0.054688 0.094444
16 0.402865 0.516204 0.016146 0.050926
16 0.692187 0.746759 0.014583 0.052778
17 0.072396 0.619907 0.032292 0.143519
17 0.300781 0.858796 0.035937 0.276852
17 0.910156 0.801389 0.023438 0.123148
17 0.961719 0.918056 0.043229 0.084259
17 0.969010 0.800000 0.054688 0.151852
17 0.416406 0.031019 0.010937 0.054630
17 0.568229 0.563889 0.022917 0.140741
17 0.386979 0.107870 0.014583 0.143519
17 0.371354 0.227315 0.026042 0.060185
17 0.345052 0.275926 0.036979 0.037037
17 0.328906 0.383796 0.022396 0.019444
17 0.325000 0.441204 0.044792 0.047222
17 0.447135 0.039815 0.021354 0.020370
17 0.494531 0.402778 0.018229 0.083333
16 0.518490 0.428704 0.022396 0.061111
17 0.834115 0.058796 0.018229 0.100926
17 0.983594 0.695370 0.032813 0.083333
18 0.744271 0.139352 0.166667 0.245370
18 0.806250 0.362963 0.145833 0.229630
18 0.943229 0.442130 0.110417 0.404630
18 0.833854 0.654167 0.104167 0.306481
18 0.846354 0.969907 0.052083 0.050926
18 0.917448 0.905556 0.028646 0.079630
18 0.943229 0.691667 0.058333 0.057407
18 0.104688 0.075926 0.201042 0.137037
18 0.076302 0.207870 0.140104 0.099074
18 0.037760 0.322222 0.074479 0.068519
15 0.048177 0.411574 0.021354 0.049074
18 0.299740 0.041667 0.127604 0.068519
18 0.269792 0.149074 0.084375 0.129630
18 0.259375 0.315278 0.134375 0.175000
18 0.262760 0.487037 0.089063 0.125926
18 0.157812 0.481944 0.089583 0.058333
18 0.305990 0.625926 0.075521 0.094444
18 0.348698 0.515278 0.052604 0.075000
18 0.420573 0.255556 0.056771 0.103704
18 0.437240 0.137037 0.033854 0.059259
16 0.573698 0.053241 0.082812 0.076852
18 0.588021 0.138426 0.126042 0.039815
18 0.481510 0.234259 0.160938 0.094444
18 0.604948 0.246296 0.082812 0.101852
18 0.549219 0.331944 0.073438 0.058333
18 0.660937 0.469907 0.019792 0.050926
18 0.676823 0.342593 0.018229 0.048148
18 0.626563 0.389352 0.029167 0.065741
