15 0.157812 0.406944 0.032292 0.056481
15 0.025521 0.351389 0.013542 0.030556
15 0.036198 0.444444 0.019271 0.022222
15 0.063281 0.383796 0.015104 0.032407
15 0.083854 0.377778 0.013542 0.035185
15 0.097135 0.417130 0.004687 0.032407
15 0.110417 0.500000 0.007292 0.012963
15 0.238281 0.629630 0.052604 0.051852
15 0.142708 0.355093 0.027083 0.023148
15 0.578125 0.394907 0.012500 0.037963
15 0.659896 0.472222 0.019792 0.042593
15 0.674740 0.426852 0.011979 0.025926
15 0.719010 0.447685 0.023438 0.050926
15 0.744271 0.435648 0.022917 0.071296
15 0.769531 0.482870 0.023438 0.060185
15 0.791146 0.447685 0.026042 0.050926
15 0.744271 0.318056 0.014583 0.050926
15 0.710938 0.358333 0.019792 0.031481
15 0.611458 0.382407 0.034375 0.031481
15 0.410156 0.343056 0.016146 0.036111
16 0.152604 0.835648 0.287500 0.293519
16 0.144010 0.613889 0.072396 0.150000
16 0.027344 0.595370 0.049479 0.170370
16 0.232292 0.671296 0.086458 0.022222
16 0.567448 0.834722 0.405729 0.330556
16 0.356250 0.858796 0.012500 0.269444
16 0.510677 0.565741 0.120313 0.175926
16 0.424740 0.631019 0.035937 0.108333
16 0.704688 0.600926 0.195833 0.146296
16 0.795312 0.738426 0.027083 0.086111
16 0.867708 0.920370 0.081250 0.127778
16 0.888802 0.706481 0.026562 0.057407
16 0.861719 0.775926 0.026562 0.057407
16 0.688021 0.024074 0.085417 0.046296
16 0.619271 0.036574 0.025000 0.049074
16 0.474740 0.377315 0.044271 0.100926
16 0.541667 0.425926 0.031250 0.068519
16 0.480208 0.469907 0.030208 0.019444
16 0.389583 0.437037 0.034375 0.037037
16 0.508073 0.007870 0.014063 0.012037
16 0.941927 0.237500 0.023438 0.049074
16 0.831771 0.446296 0.018750 0.079630
17 0.096875 0.628241 0.073958 0.223148
17 0.327604 0.901389 0.042708 0.191667
17 0.591927 0.578704 0.029687 0.153704
17 0.507031 0.394444 0.028646 0.090741
17 0.453385 0.104167 0.021354 0.156481
17 0.418490 0.219444 0.029687 0.070370
17 0.222656 0.240278 0.021354 0.099074
17 0.402604 0.278241 0.031250 0.037963
17 0.354167 0.438889 0.011458 0.040741
17 0.068490 0.154630 0.019271 0.059259
17 0.614583 0.466204 0.040625 0.021296
17 0.502604 0.035185 0.027083 0.024074
17 0.475260 0.078241 0.022396 0.030556
17 0.975521 0.287963 0.020833 0.079630
17 0.990104 0.027315 0.019792 0.052778
17 0.685937 0.340278 0.017708 0.039815
17 0.701042 0.107407 0.017708 0.061111
17 0.708333 0.257870 0.010417 0.028704
17 0.709635 0.406944 0.009896 0.021296
17 0.556510 0.344907 0.018229 0.052778
18 0.312500 0.080556 0.090625 0.159259
18 0.138021 0.077315 0.242708 0.130556
18 0.009115 0.181481 0.017188 0.301852
18 0.063021 0.240741 0.070833 0.170370
18 0.157292 0.205093 0.083333 0.112037
18 0.264583 0.348148 0.136458 0.090741
18 0.873177 0.129167 0.228646 0.241667
18 0.906510 0.377778 0.094271 0.264815
18 0.976562 0.464352 0.033333 0.256481
18 0.948177 0.797222 0.082812 0.335185
18 0.934115 0.579630 0.047396 0.068519
18 0.203125 0.473611 0.097917 0.063889
18 0.296615 0.505093 0.071354 0.147222
18 0.317708 0.627778 0.055208 0.070370
18 0.365885 0.547222 0.054688 0.129630
18 0.313281 0.233333 0.130729 0.092593
18 0.568229 0.074537 0.061458 0.110185
18 0.483854 0.253704 0.057292 0.103704
18 0.582292 0.331944 0.033333 0.043519
18 0.570833 0.233796 0.034375 0.045370
18 0.593490 0.280556 0.028646 0.033333
18 0.630729 0.214815 0.047917 0.061111
18 0.639062 0.129167 0.044792 0.071296
18 0.743750 0.105093 0.013542 0.176852
18 0.800781 0.317593 0.041146 0.059259
18 0.650000 0.385185 0.021875 0.044444
18 0.757031 0.305556 0.016146 0.053704
18 0.824479 0.368981 0.026042 0.039815
18 0.622917 0.214815 0.027083 0.048148
18 0.497656 0.132407 0.017188 0.059259
18 0.599219 0.147685 0.019271 0.032407
18 0.638802 0.281481 0.027604 0.053704
18 0.764062 0.372685 0.012500 0.028704
