15 0.245312 0.652778 0.047917 0.051852
15 0.039323 0.455556 0.019271 0.038889
15 0.034375 0.369444 0.011458 0.025926
15 0.069271 0.400000 0.020833 0.035185
15 0.096354 0.399537 0.022917 0.041667
15 0.156771 0.375000 0.027083 0.033333
15 0.174740 0.429630 0.035937 0.068519
15 0.118229 0.525000 0.014583 0.029630
15 0.671354 0.481019 0.025000 0.060185
15 0.592969 0.401389 0.024479 0.034259
15 0.746615 0.316204 0.015104 0.043519
15 0.712760 0.362963 0.010937 0.012963
15 0.686719 0.429630 0.028646 0.046296
15 0.711458 0.431019 0.015625 0.036111
15 0.731510 0.453704 0.023438 0.092593
15 0.759635 0.437963 0.016146 0.092593
15 0.776042 0.487500 0.015625 0.067593
15 0.804167 0.452315 0.038542 0.063889
19 0.153385 0.852315 0.301563 0.260185
19 0.034635 0.629630 0.055729 0.166667
19 0.155208 0.632870 0.064583 0.150926
19 0.213021 0.683796 0.026042 0.063889
19 0.591927 0.862500 0.444271 0.236111
19 0.514583 0.624537 0.130208 0.236111
19 0.413281 0.700463 0.054688 0.084259
19 0.709375 0.627778 0.188542 0.207407
19 0.823958 0.530556 0.026042 0.057407
19 0.405208 0.449537 0.035417 0.037963
19 0.487760 0.385648 0.027604 0.086111
19 0.553385 0.442130 0.024479 0.084259
19 0.504167 0.478241 0.040625 0.037963
19 0.681250 0.020370 0.098958 0.038889
19 0.884635 0.454630 0.027604 0.059259
19 0.909896 0.943981 0.081250 0.112037
19 0.933333 0.722222 0.036458 0.057407
19 0.855729 0.655556 0.042708 0.101852
19 0.992448 0.237963 0.015104 0.059259
17 0.096094 0.624074 0.055729 0.155556
17 0.342969 0.903704 0.055729 0.174074
17 0.598437 0.581019 0.020833 0.145370
17 0.513542 0.392593 0.021875 0.103704
17 0.708333 0.105556 0.010417 0.046296
17 0.468490 0.087037 0.025521 0.150000
17 0.515104 0.028704 0.035417 0.046296
17 0.442708 0.233333 0.039583 0.057407
17 0.425781 0.286574 0.024479 0.041667
17 0.238542 0.252315 0.039583 0.087963
17 0.693490 0.343056 0.015104 0.043519
17 0.607812 0.471296 0.050000 0.035185
17 0.734896 0.215278 0.008333 0.017593
17 0.702604 0.287963 0.006250 0.022222
17 0.809896 0.394907 0.014583 0.019444
18 0.851562 0.113889 0.202083 0.224074
18 0.977604 0.105556 0.039583 0.187037
18 0.952604 0.415741 0.089583 0.246296
18 0.966927 0.617593 0.045312 0.090741
18 0.965104 0.818056 0.069792 0.117593
18 0.977344 0.942130 0.027604 0.097222
18 0.292187 0.551852 0.164583 0.116667
18 0.340625 0.668056 0.051042 0.102778
18 0.336719 0.789815 0.028646 0.037037
18 0.133594 0.073611 0.142187 0.132407
18 0.254948 0.076852 0.055729 0.138889
18 0.336458 0.112500 0.086458 0.210185
18 0.343490 0.311574 0.108854 0.162037
18 0.237240 0.377315 0.094271 0.117593
18 0.282552 0.462963 0.115104 0.050000
18 0.031510 0.168056 0.054688 0.328704
18 0.127865 0.202778 0.099479 0.085185
18 0.095312 0.305556 0.052083 0.092593
18 0.594531 0.065278 0.054688 0.110185
18 0.514062 0.127778 0.031250 0.068519
18 0.514844 0.276852 0.052604 0.153704
18 0.444271 0.408796 0.039583 0.110185
18 0.408854 0.543519 0.045833 0.111111
18 0.811719 0.319444 0.028646 0.033333
18 0.771094 0.319907 0.023438 0.060185
18 0.775260 0.375000 0.029687 0.029630
18 0.625260 0.386111 0.011979 0.050000
18 0.655469 0.388889 0.021354 0.048148
18 0.697656 0.380556 0.016146 0.048148
18 0.597396 0.334259 0.035417 0.075926
18 0.628385 0.221759 0.030729 0.069444
18 0.583333 0.157870 0.059375 0.056481
18 0.670312 0.157870 0.051042 0.062037
18 0.844271 0.255093 0.058333 0.065741
18 0.600000 0.352778 0.028125 0.037037
18 0.461979 0.294444 0.031250 0.044444
18 0.179688 0.285185 0.045833 0.057407
18 0.009115 0.415741 0.017188 0.122222
18 0.139063 0.489352 0.037500 0.060185
18 0.661458 0.318519 0.046875 0.061111
18 0.722135 0.343519 0.027604 0.046296
18 0.838802 0.387037 0.036979 0.057407
