15 0.268229 0.666204 0.046875 0.054630
15 0.043490 0.466667 0.024479 0.035185
15 0.039323 0.377778 0.008854 0.012963
15 0.076563 0.402778 0.023958 0.048148
15 0.100521 0.398148 0.019792 0.038889
15 0.173177 0.370370 0.025521 0.042593
15 0.186979 0.426852 0.023958 0.053704
15 0.134635 0.524537 0.016146 0.028704
15 0.601042 0.402778 0.018750 0.022222
15 0.690104 0.486111 0.018750 0.061111
15 0.701562 0.433796 0.013542 0.030556
15 0.744792 0.449074 0.023958 0.057407
15 0.778646 0.439815 0.018750 0.092593
15 0.799479 0.481944 0.026042 0.056481
15 0.826562 0.457407 0.018750 0.053704
15 0.758594 0.324074 0.010937 0.037037
15 0.826823 0.278704 0.010937 0.035185
15 0.927865 0.353704 0.004687 0.031481
15 0.939063 0.373611 0.005208 0.013889
16 0.167187 0.866667 0.326042 0.266667
16 0.033333 0.634722 0.063542 0.191667
16 0.160938 0.650926 0.063542 0.161111
16 0.234896 0.705556 0.084375 0.042593
16 0.082552 0.702315 0.023438 0.062037
16 0.645052 0.897222 0.520312 0.205556
16 0.693490 0.741204 0.527604 0.108333
16 0.531510 0.645370 0.138021 0.092593
16 0.793490 0.643981 0.333854 0.089815
16 0.538021 0.561111 0.105208 0.075926
16 0.559115 0.447222 0.058854 0.105556
16 0.622917 0.462037 0.019792 0.025926
16 0.779167 0.560185 0.294792 0.085185
16 0.908594 0.473611 0.023438 0.052778
16 0.975521 0.490741 0.028125 0.074074
16 0.984115 0.948148 0.023438 0.064815
16 0.942448 0.052778 0.042188 0.046296
16 0.849740 0.019444 0.031771 0.037037
16 0.482552 0.045370 0.007812 0.018519
17 0.096354 0.607407 0.038542 0.111111
17 0.113542 0.695370 0.011458 0.035185
17 0.361458 0.922685 0.032292 0.149074
17 0.611458 0.591667 0.017708 0.137037
17 0.601042 0.448148 0.015625 0.059259
17 0.941927 0.537037 0.023438 0.150000
17 0.535417 0.094907 0.026042 0.156481
17 0.573698 0.042130 0.028646 0.050926
17 0.495312 0.234259 0.032292 0.081481
17 0.478906 0.295370 0.013021 0.033333
17 0.261458 0.255556 0.031250 0.094444
17 0.012760 0.101389 0.015104 0.025000
17 0.172135 0.266667 0.021354 0.033333
17 0.597917 0.440278 0.012500 0.039815
17 0.580469 0.354167 0.009896 0.052778
17 0.731510 0.116204 0.016146 0.049074
17 0.805469 0.111574 0.008854 0.021296
17 0.721875 0.331019 0.012500 0.037963
17 0.776302 0.375000 0.017188 0.024074
17 0.409375 0.475000 0.012500 0.025926
17 0.325260 0.699074 0.017188 0.037037
18 0.952604 0.150463 0.071875 0.121296
18 0.117708 0.056481 0.227083 0.088889
18 0.041146 0.217593 0.081250 0.159259
18 0.176302 0.171296 0.106771 0.129630
18 0.016927 0.399074 0.026562 0.072222
18 0.107552 0.284722 0.025521 0.076852
18 0.166667 0.485185 0.044792 0.064815
18 0.135417 0.400463 0.021875 0.078704
18 0.315365 0.542130 0.185938 0.165741
18 0.385156 0.688889 0.055729 0.105556
18 0.346875 0.813426 0.053125 0.054630
18 0.334115 0.393056 0.139063 0.108333
18 0.377344 0.288426 0.146354 0.110185
18 0.388021 0.114352 0.120833 0.226852
18 0.279167 0.083796 0.073958 0.147222
18 0.478385 0.108796 0.038021 0.132407
18 0.668750 0.069444 0.071875 0.127778
18 0.555990 0.292130 0.054688 0.123148
18 0.502604 0.438889 0.050000 0.112963
18 0.445312 0.563426 0.039583 0.075000
18 0.617448 0.336574 0.041146 0.087963
18 0.591406 0.219444 0.043229 0.051852
18 0.871094 0.125000 0.054688 0.137037
18 0.766667 0.123611 0.052083 0.054630
18 0.798958 0.315741 0.019792 0.059259
18 0.744531 0.183333 0.049479 0.027778
18 0.675781 0.287500 0.035937 0.062037
18 0.653125 0.215278 0.031250 0.039815
18 0.710156 0.236111 0.035937 0.050000
18 0.677083 0.400463 0.026042 0.065741
18 0.634375 0.393056 0.018750 0.050926
18 0.663542 0.477315 0.019792 0.036111
18 0.714063 0.495370 0.008333 0.031481
18 0.811719 0.380556 0.023438 0.061111
18 0.867969 0.389352 0.043229 0.069444
18 0.847396 0.324074 0.034375 0.042593
18 0.896094 0.256944 0.043229 0.091667
18 0.966927 0.305093 0.053646 0.097222
18 0.583594 0.133333 0.038021 0.048148
18 0.769792 0.057870 0.083333 0.050926
18 0.770052 0.248148 0.035937 0.048148
18 0.745573 0.346759 0.022396 0.063889
16 0.773698 0.021296 0.107813 0.035185
