15 0.039323 0.496296 0.023438 0.046296
15 0.027344 0.394907 0.015104 0.041667
15 0.059115 0.418981 0.030729 0.050926
15 0.094010 0.431944 0.021354 0.041667
15 0.128125 0.558796 0.019792 0.039815
15 0.278125 0.694444 0.046875 0.042593
15 0.164844 0.385185 0.016146 0.035185
15 0.180990 0.444444 0.028646 0.057407
15 0.607292 0.411574 0.020833 0.030556
15 0.687240 0.496296 0.015104 0.077778
15 0.705729 0.445833 0.012500 0.037963
15 0.750000 0.459722 0.033333 0.075000
15 0.779167 0.447685 0.014583 0.099074
15 0.798698 0.486111 0.017188 0.070370
15 0.826823 0.452315 0.023438 0.050926
15 0.757292 0.334259 0.008333 0.025926
15 0.782813 0.347685 0.012500 0.052778
15 0.819271 0.280093 0.008333 0.025000
15 0.918229 0.312037 0.006250 0.031481
15 0.928385 0.376389 0.014063 0.026852
16 0.161458 0.867130 0.315625 0.237963
16 0.026302 0.647222 0.045312 0.188889
16 0.161979 0.671296 0.090625 0.140741
16 0.667969 0.898611 0.546354 0.199074
16 0.721094 0.719907 0.517188 0.145370
16 0.543750 0.581481 0.095833 0.118519
16 0.779167 0.582407 0.294792 0.103704
16 0.834115 0.511111 0.023438 0.035185
16 0.900521 0.506944 0.030208 0.054630
16 0.978906 0.542130 0.042188 0.165741
16 0.847917 0.024537 0.070833 0.047222
16 0.617188 0.011111 0.015625 0.005556
16 0.636979 0.057407 0.011458 0.037037
16 0.555729 0.436111 0.032292 0.081481
16 0.585156 0.464815 0.010937 0.024074
16 0.460417 0.485648 0.032292 0.063889
16 0.067969 0.696759 0.023438 0.076852
17 0.077344 0.605093 0.042188 0.065741
17 0.099740 0.703704 0.022396 0.068519
17 0.360156 0.944907 0.034896 0.110185
17 0.268750 0.277778 0.040625 0.081481
17 0.077604 0.189815 0.011458 0.059259
17 0.540885 0.097222 0.019271 0.164815
17 0.592969 0.034259 0.031771 0.044444
17 0.513021 0.248611 0.047917 0.075000
17 0.483073 0.313426 0.030729 0.060185
17 0.611198 0.590741 0.023438 0.116667
17 0.937500 0.522685 0.019792 0.126852
17 0.986979 0.762037 0.020833 0.124074
17 0.626042 0.490741 0.045833 0.022222
17 0.540365 0.250000 0.043229 0.022222
17 0.727083 0.124537 0.019792 0.062037
17 0.711458 0.351852 0.020833 0.048148
17 0.755469 0.212037 0.015104 0.024074
17 0.834115 0.266667 0.003646 0.011111
17 0.005208 0.126852 0.009375 0.016667
18 0.110937 0.058796 0.220833 0.100926
18 0.330729 0.089352 0.202083 0.167593
18 0.481510 0.094444 0.072396 0.161111
18 0.399740 0.266204 0.106771 0.158333
18 0.398177 0.408796 0.111979 0.104630
18 0.363802 0.584259 0.108854 0.157407
18 0.387240 0.723148 0.049479 0.094444
18 0.355208 0.847685 0.039583 0.049074
18 0.444271 0.590741 0.037500 0.129630
18 0.504687 0.462963 0.039583 0.085185
18 0.165104 0.197222 0.084375 0.137037
18 0.036198 0.250000 0.059896 0.172222
18 0.096354 0.283796 0.045833 0.119444
18 0.165885 0.519444 0.048438 0.070370
18 0.247135 0.530556 0.069271 0.088889
18 0.315625 0.376852 0.053125 0.116667
18 0.250781 0.434722 0.052604 0.025000
18 0.552604 0.319907 0.051042 0.067593
18 0.692187 0.067130 0.082292 0.110185
18 0.941927 0.016204 0.100521 0.028704
18 0.982552 0.231944 0.034896 0.249074
18 0.911719 0.172222 0.121354 0.087037
18 0.896615 0.093981 0.036979 0.056481
18 0.762240 0.114352 0.025521 0.121296
18 0.652083 0.210648 0.033333 0.069444
18 0.591146 0.130556 0.031250 0.033333
18 0.599219 0.270370 0.034896 0.111111
18 0.651823 0.227315 0.018229 0.037963
18 0.670833 0.394907 0.023958 0.067593
18 0.633333 0.393519 0.013542 0.070370
18 0.716406 0.389352 0.014063 0.039815
18 0.839583 0.320370 0.044792 0.057407
18 0.812760 0.387500 0.029687 0.062037
18 0.799479 0.321296 0.015625 0.066667
18 0.763542 0.256019 0.036458 0.041667
18 0.903385 0.230556 0.048438 0.092593
16 0.968750 0.075000 0.057292 0.064815
16 0.771615 0.024074 0.058854 0.033333
