15 0.294531 0.734722 0.043229 0.063889
15 0.041667 0.498611 0.018750 0.037963
15 0.025000 0.394907 0.010417 0.032407
15 0.060417 0.429167 0.018750 0.049074
15 0.100000 0.435648 0.020833 0.065741
15 0.133333 0.560185 0.018750 0.042593
15 0.188802 0.446759 0.020313 0.065741
15 0.172917 0.399074 0.019792 0.027778
15 0.341927 0.606019 0.016146 0.028704
15 0.326823 0.696296 0.023438 0.035185
15 0.258854 0.506019 0.018750 0.026852
15 0.697656 0.497685 0.016146 0.052778
15 0.799479 0.440278 0.013542 0.084259
15 0.771354 0.455093 0.030208 0.065741
15 0.813802 0.493056 0.029687 0.043519
15 0.841146 0.456481 0.019792 0.055556
15 0.794010 0.335185 0.024479 0.062963
15 0.824219 0.281019 0.016146 0.030556
15 0.608594 0.407870 0.017188 0.041667
15 0.939583 0.386574 0.013542 0.039815
16 0.170313 0.874537 0.339583 0.237963
16 0.030729 0.661574 0.053125 0.169444
16 0.178125 0.686574 0.097917 0.145370
16 0.252083 0.706944 0.025000 0.056481
16 0.702083 0.906019 0.570833 0.187963
16 0.724219 0.757407 0.530729 0.101852
16 0.557031 0.623611 0.089063 0.143519
16 0.783333 0.631019 0.288542 0.143519
16 0.965625 0.644907 0.068750 0.071296
16 0.981250 0.530093 0.037500 0.141667
16 0.488542 0.506019 0.032292 0.043519
16 0.582031 0.506944 0.022396 0.063889
16 0.808073 0.543056 0.033854 0.052778
16 0.855469 0.534259 0.028646 0.070370
16 0.880469 0.025463 0.151562 0.049074
16 0.669271 0.019444 0.013542 0.022222
16 0.235156 0.176852 0.018229 0.033333
16 0.029427 0.018519 0.010937 0.035185
17 0.094531 0.666204 0.064062 0.178704
17 0.381510 0.954630 0.053646 0.085185
17 0.620313 0.602315 0.032292 0.182407
17 0.945573 0.541667 0.023438 0.153704
17 0.584375 0.110648 0.017708 0.182407
17 0.552083 0.274074 0.034375 0.046296
17 0.285677 0.284259 0.027604 0.112963
17 0.012760 0.120370 0.011979 0.018519
17 0.129688 0.201852 0.018750 0.057407
17 0.024740 0.367130 0.016146 0.021296
17 0.554167 0.234722 0.026042 0.039815
17 0.517448 0.328704 0.029687 0.046296
17 0.654167 0.470833 0.026042 0.026852
17 0.735677 0.304167 0.017188 0.037963
18 0.067187 0.095370 0.106250 0.094444
18 0.199479 0.525926 0.097917 0.096296
18 0.308594 0.563426 0.075521 0.087963
18 0.400781 0.644907 0.080729 0.262037
18 0.375521 0.860185 0.045833 0.050000
18 0.047917 0.251389 0.092708 0.182407
18 0.129427 0.302315 0.034896 0.130556
18 0.191146 0.205093 0.066667 0.130556
18 0.219531 0.325926 0.081771 0.068519
18 0.191406 0.527778 0.059896 0.044444
18 0.276042 0.446296 0.051042 0.048148
18 0.367969 0.348611 0.100521 0.152778
18 0.323177 0.081481 0.355729 0.142593
18 0.422656 0.216204 0.142187 0.089815
18 0.458594 0.345370 0.053646 0.127778
18 0.529167 0.476389 0.056250 0.089815
18 0.601042 0.330556 0.065625 0.081481
18 0.553385 0.406944 0.040104 0.056481
18 0.536198 0.117130 0.069271 0.130556
18 0.746094 0.070833 0.095312 0.121296
18 0.976562 0.094907 0.038542 0.165741
18 0.667448 0.153704 0.051562 0.070370
18 0.675521 0.240278 0.055208 0.054630
18 0.685677 0.301389 0.043229 0.049074
18 0.649219 0.391667 0.016146 0.044444
18 0.697396 0.403704 0.027083 0.062963
18 0.824740 0.343981 0.029687 0.102778
18 0.860156 0.315278 0.030729 0.047222
18 0.881771 0.396759 0.019792 0.037963
18 0.830729 0.370370 0.033333 0.027778
18 0.739062 0.385185 0.032292 0.066667
18 0.949479 0.261574 0.088542 0.110185
18 0.860938 0.238426 0.057292 0.047222
18 0.773177 0.179167 0.120313 0.050926
18 0.494531 0.585648 0.028646 0.119444
18 0.781771 0.247222 0.025000 0.059259
18 0.867708 0.106019 0.081250 0.073148
