15 0.040365 0.508333 0.035937 0.053704
15 0.065885 0.428704 0.015104 0.035185
15 0.028125 0.398148 0.015625 0.040741
15 0.105729 0.433796 0.025000 0.065741
15 0.130469 0.565741 0.024479 0.044444
15 0.193229 0.457870 0.023958 0.065741
15 0.171354 0.396296 0.014583 0.048148
15 0.310156 0.715741 0.056771 0.057407
15 0.261198 0.503241 0.021354 0.041667
15 0.348177 0.601852 0.018229 0.020370
15 0.612240 0.417130 0.014063 0.032407
15 0.697656 0.493981 0.023438 0.073148
15 0.716406 0.447685 0.016146 0.023148
15 0.766146 0.467130 0.018750 0.073148
15 0.790885 0.450926 0.028646 0.096296
15 0.811198 0.497222 0.027604 0.053704
15 0.839844 0.466667 0.040104 0.070370
15 0.787500 0.333796 0.027083 0.052778
15 0.826042 0.284259 0.014583 0.033333
16 0.182552 0.878704 0.364063 0.211111
16 0.030208 0.672685 0.052083 0.191667
16 0.173177 0.687037 0.085938 0.159259
16 0.253906 0.734259 0.046354 0.068519
16 0.700260 0.910185 0.585938 0.161111
16 0.738281 0.762963 0.523438 0.125926
16 0.742188 0.672685 0.475000 0.037963
16 0.559115 0.597685 0.082812 0.121296
16 0.789062 0.614352 0.282292 0.158333
16 0.961458 0.641667 0.046875 0.081481
16 0.980729 0.525926 0.038542 0.150000
16 0.494271 0.504167 0.025000 0.043519
16 0.884375 0.031019 0.156250 0.054630
16 0.667448 0.022685 0.011979 0.015741
16 0.240104 0.198611 0.026042 0.060185
17 0.095573 0.665741 0.054688 0.192593
17 0.385937 0.931481 0.046875 0.118519
17 0.620313 0.607407 0.029167 0.153704
17 0.950781 0.539815 0.025521 0.138889
17 0.589844 0.097222 0.023438 0.164815
17 0.565625 0.250463 0.052083 0.087963
17 0.529687 0.313426 0.025000 0.076852
17 0.290365 0.287037 0.042188 0.090741
17 0.133073 0.193056 0.024479 0.056481
17 0.640365 0.048148 0.022396 0.068519
17 0.611979 0.468981 0.013542 0.049074
17 0.645833 0.484259 0.020833 0.031481
17 0.722135 0.387037 0.011979 0.061111
17 0.734896 0.307870 0.006250 0.039815
17 0.767969 0.221759 0.015104 0.023148
17 0.850260 0.275463 0.008854 0.019444
17 0.788542 0.387500 0.013542 0.017593
17 0.742448 0.447685 0.014063 0.028704
17 0.686458 0.018981 0.011458 0.021296
17 0.015365 0.120370 0.017188 0.025926
18 0.080208 0.068981 0.150000 0.108333
18 0.031250 0.253704 0.061458 0.227778
18 0.105729 0.303241 0.059375 0.149074
18 0.228906 0.346759 0.048438 0.134259
18 0.189844 0.193056 0.056771 0.100926
18 0.354948 0.075000 0.389062 0.148148
18 0.447917 0.241667 0.113542 0.153704
18 0.357812 0.300926 0.083333 0.242593
18 0.288542 0.212037 0.040625 0.050000
18 0.296875 0.568056 0.052083 0.100926
18 0.432031 0.607407 0.061979 0.150000
18 0.378646 0.695833 0.046875 0.158333
18 0.433854 0.738889 0.033333 0.059259
18 0.363542 0.816204 0.042708 0.054630
18 0.282552 0.445833 0.035937 0.037963
18 0.457292 0.245833 0.085417 0.119444
18 0.561719 0.098148 0.016146 0.124074
18 0.540885 0.459722 0.044271 0.091667
18 0.603646 0.328704 0.040625 0.090741
18 0.750260 0.079630 0.081771 0.138889
18 0.678646 0.158796 0.071875 0.063889
18 0.667448 0.229630 0.031771 0.059259
18 0.685417 0.296759 0.029167 0.078704
18 0.976302 0.088426 0.029687 0.158333
18 0.981771 0.314352 0.028125 0.136111
18 0.919271 0.144907 0.041667 0.097222
18 0.861979 0.135648 0.032292 0.052778
18 0.815885 0.168981 0.023438 0.043519
18 0.863802 0.328241 0.050521 0.043519
18 0.811198 0.328704 0.015104 0.042593
18 0.748437 0.348611 0.026042 0.041667
18 0.673177 0.478704 0.018229 0.037037
18 0.727083 0.498611 0.019792 0.050926
18 0.815625 0.379167 0.022917 0.025000
18 0.557552 0.393056 0.028646 0.028704
18 0.497917 0.572222 0.038542 0.053704
18 0.892448 0.245833 0.088021 0.071296
18 0.815104 0.240278 0.046875 0.060185
