15 0.044531 0.399537 0.016146 0.041667
15 0.058594 0.511574 0.022396 0.050926
15 0.082031 0.425926 0.024479 0.042593
15 0.108594 0.471759 0.016146 0.032407
15 0.130729 0.454167 0.025000 0.095370
15 0.158854 0.566204 0.037500 0.039815
15 0.163281 0.418981 0.006771 0.015741
15 0.192448 0.504167 0.020313 0.030556
15 0.203646 0.397222 0.025000 0.042593
15 0.225521 0.434259 0.026042 0.037037
15 0.217448 0.476852 0.034896 0.033333
15 0.341927 0.743056 0.038021 0.069444
15 0.736979 0.500000 0.017708 0.070370
15 0.748698 0.450000 0.023438 0.024074
15 0.800521 0.470370 0.038542 0.057407
15 0.828646 0.465278 0.021875 0.080556
15 0.838021 0.444907 0.018750 0.097222
15 0.854688 0.503241 0.022917 0.073148
15 0.879427 0.467593 0.024479 0.055556
15 0.826042 0.329167 0.032292 0.050926
15 0.853646 0.281944 0.014583 0.028704
16 0.158333 0.875000 0.295833 0.218519
16 0.029687 0.676389 0.052083 0.156481
16 0.196875 0.685648 0.115625 0.147222
16 0.070312 0.717593 0.022917 0.079630
16 0.343229 0.896296 0.058333 0.188889
16 0.723698 0.925000 0.499479 0.150000
16 0.765885 0.808333 0.430729 0.111111
16 0.779948 0.696759 0.413021 0.104630
16 0.796354 0.597685 0.270833 0.076852
16 0.603385 0.616204 0.028646 0.078704
16 0.470052 0.529167 0.015104 0.045370
16 0.551823 0.545370 0.022396 0.035185
16 0.916667 0.022222 0.021875 0.040741
16 0.989323 0.027778 0.021354 0.038889
16 0.919271 0.483796 0.019792 0.049074
16 0.791667 0.546296 0.240625 0.022222
16 0.690885 0.522685 0.027604 0.041667
17 0.101042 0.633333 0.045833 0.094444
17 0.113542 0.722685 0.045833 0.087963
17 0.643490 0.595833 0.035937 0.112037
17 0.425781 0.938426 0.056771 0.119444
17 0.974219 0.549537 0.028646 0.156481
17 0.697396 0.103704 0.014583 0.161111
17 0.337760 0.290741 0.027604 0.081481
17 0.033854 0.360185 0.021875 0.048148
17 0.385937 0.306944 0.019792 0.037963
17 0.281250 0.456944 0.013542 0.050926
17 0.665104 0.219444 0.025000 0.048148
17 0.617188 0.334259 0.023958 0.035185
17 0.678646 0.485185 0.017708 0.014815
17 0.515365 0.524537 0.023438 0.028704
17 0.783333 0.025000 0.047917 0.046296
17 0.711458 0.120370 0.048958 0.066667
17 0.023958 0.092593 0.019792 0.027778
17 0.120573 0.137037 0.017188 0.037037
17 0.112240 0.184259 0.023438 0.038889
17 0.156510 0.198148 0.015104 0.046296
18 0.490625 0.111574 0.232292 0.199074
18 0.113802 0.051389 0.209896 0.099074
18 0.302083 0.086111 0.132292 0.142593
18 0.050000 0.175463 0.098958 0.112037
18 0.094010 0.293056 0.161979 0.086111
18 0.120573 0.375000 0.079687 0.040741
18 0.211458 0.185185 0.052083 0.137037
18 0.257552 0.314352 0.063021 0.080556
18 0.280469 0.397685 0.071354 0.062037
18 0.401042 0.410648 0.148958 0.134259
18 0.378125 0.586574 0.105208 0.143519
18 0.319271 0.684259 0.039583 0.048148
18 0.282292 0.662500 0.031250 0.123148
18 0.239323 0.556944 0.078646 0.075000
18 0.309115 0.470833 0.020313 0.056481
18 0.027604 0.474537 0.030208 0.121296
18 0.489323 0.674537 0.088021 0.217593
18 0.409635 0.781944 0.040104 0.100926
18 0.424219 0.909722 0.029687 0.052778
18 0.539583 0.447685 0.059375 0.063889
18 0.542708 0.328241 0.095833 0.143519
18 0.440365 0.276389 0.081771 0.087963
18 0.608333 0.492593 0.045833 0.092593
18 0.640625 0.395833 0.043750 0.113889
18 0.680469 0.333333 0.041146 0.094444
18 0.639062 0.094444 0.051042 0.150000
18 0.737240 0.220833 0.088021 0.041667
17 0.698177 0.274537 0.034896 0.030556
18 0.863021 0.084722 0.090625 0.158333
18 0.963021 0.142130 0.070833 0.123148
18 0.952083 0.268056 0.072917 0.123148
18 0.824479 0.258796 0.026042 0.039815
18 0.877344 0.343981 0.042188 0.037963
18 0.782813 0.351852 0.034375 0.044444
18 0.702604 0.476389 0.026042 0.045370
18 0.757812 0.506019 0.017708 0.052778
18 0.871875 0.388889 0.027083 0.035185
18 0.754167 0.152315 0.030208 0.076852
18 0.793750 0.150926 0.032292 0.070370
18 0.951302 0.023148 0.022396 0.035185
