15 0.071354 0.497222 0.031250 0.057407
15 0.096354 0.423148 0.028125 0.046296
15 0.055990 0.387037 0.017188 0.025926
15 0.152604 0.458796 0.039583 0.108333
15 0.129167 0.462037 0.019792 0.044444
15 0.249479 0.455556 0.030208 0.096296
15 0.185417 0.407870 0.006250 0.010185
15 0.215104 0.507407 0.019792 0.050000
15 0.387760 0.741204 0.070312 0.099074
15 0.179688 0.576389 0.013542 0.030556
15 0.329427 0.518519 0.018229 0.033333
15 0.854167 0.308796 0.020833 0.041667
15 0.879427 0.256481 0.020313 0.046296
15 0.766667 0.496759 0.029167 0.075000
15 0.778646 0.437963 0.020833 0.031481
15 0.861198 0.469907 0.074479 0.076852
15 0.879427 0.415278 0.034896 0.039815
15 0.922917 0.456944 0.029167 0.050926
16 0.172656 0.868519 0.340104 0.244444
16 0.037760 0.644907 0.061979 0.184259
16 0.211979 0.682407 0.090625 0.114815
16 0.275000 0.725463 0.018750 0.023148
16 0.387760 0.902778 0.063021 0.185185
16 0.742188 0.943981 0.482292 0.112037
16 0.813021 0.777315 0.358333 0.225000
16 0.602083 0.840278 0.039583 0.095370
16 0.845313 0.600926 0.286458 0.101852
16 0.952083 0.508333 0.056250 0.051852
16 0.319271 0.163426 0.019792 0.041667
16 0.086979 0.701389 0.021875 0.082407
16 0.151042 0.619907 0.020833 0.050926
16 0.601302 0.564815 0.041146 0.037037
16 0.763542 0.247222 0.011458 0.027778
17 0.106250 0.615278 0.043750 0.063889
17 0.133594 0.704630 0.050521 0.088889
17 0.673438 0.618519 0.037500 0.083333
17 0.367448 0.290278 0.034896 0.106481
17 0.421875 0.302315 0.021875 0.073148
17 0.125000 0.185185 0.033333 0.072222
17 0.026562 0.066204 0.032292 0.037963
17 0.174740 0.181481 0.023438 0.057407
17 0.794531 0.087037 0.030729 0.162963
17 0.842187 0.072222 0.032292 0.044444
17 0.761719 0.242593 0.049479 0.107407
17 0.695833 0.325463 0.030208 0.056481
17 0.623958 0.427778 0.014583 0.029630
17 0.571354 0.531944 0.023958 0.041667
17 0.813021 0.435648 0.018750 0.034259
17 0.948958 0.261574 0.021875 0.043519
17 0.942448 0.121296 0.016146 0.072222
17 0.846094 0.219444 0.029687 0.061111
17 0.009635 0.284722 0.014063 0.037963
17 0.049479 0.349537 0.006250 0.004630
18 0.312500 0.657870 0.059375 0.123148
18 0.251563 0.560185 0.053125 0.064815
18 0.108854 0.054167 0.103125 0.104630
18 0.062500 0.207407 0.098958 0.155556
18 0.464583 0.625463 0.144792 0.110185
18 0.502604 0.780556 0.123958 0.148148
18 0.476823 0.936111 0.043229 0.061111
17 0.455469 0.957870 0.020313 0.071296
18 0.628385 0.126852 0.172396 0.216667
18 0.458854 0.067593 0.131250 0.131481
18 0.285417 0.056481 0.195833 0.111111
18 0.169792 0.086111 0.018750 0.155556
18 0.053385 0.202778 0.099479 0.085185
18 0.178385 0.332870 0.048438 0.082407
18 0.070312 0.323148 0.053125 0.057407
18 0.016146 0.417130 0.027083 0.108333
18 0.028646 0.517130 0.032292 0.043519
18 0.511198 0.377315 0.086979 0.102778
18 0.478646 0.283333 0.045833 0.053704
18 0.305990 0.367593 0.055729 0.118519
18 0.347396 0.459722 0.057292 0.075000
18 0.353646 0.495833 0.030208 0.073148
18 0.574479 0.644907 0.050000 0.126852
18 0.591927 0.727778 0.040104 0.046296
18 0.624740 0.383796 0.098437 0.139815
18 0.646875 0.517130 0.100000 0.069444
18 0.748698 0.337500 0.046354 0.076852
18 0.711198 0.431944 0.048438 0.086111
18 0.744010 0.084259 0.048438 0.129630
18 0.950260 0.048148 0.074479 0.068519
18 0.891927 0.160185 0.047396 0.074074
18 0.839323 0.147685 0.028646 0.041667
18 0.974479 0.209722 0.051042 0.025000
18 0.975781 0.384259 0.041146 0.103704
18 0.950260 0.314352 0.027604 0.039815
18 0.902083 0.307407 0.026042 0.057407
18 0.807552 0.330556 0.036979 0.072222
18 0.918750 0.377315 0.031250 0.037963
18 0.604948 0.271759 0.154688 0.049074
18 0.499219 0.189815 0.102604 0.094444
18 0.383073 0.193981 0.055729 0.086111
18 0.248438 0.191204 0.089583 0.110185
18 0.311458 0.276852 0.073958 0.035185
18 0.362760 0.389815 0.016146 0.035185
18 0.302865 0.509259 0.004687 0.027778
18 0.141667 0.259722 0.032292 0.039815
18 0.808854 0.322685 0.014583 0.052778
18 0.815885 0.493056 0.008854 0.036111
18 0.837240 0.331019 0.011979 0.025000
18 0.966927 0.744907 0.016146 0.028704
18 0.934375 0.759722 0.026042 0.036111
