19 0.151562 0.452315 0.041667 0.117593
15 0.072135 0.513889 0.024479 0.059259
15 0.398177 0.763889 0.049479 0.096296
15 0.248438 0.437500 0.032292 0.043519
15 0.220573 0.500926 0.016146 0.046296
15 0.100000 0.422685 0.036458 0.062037
15 0.052865 0.380556 0.010937 0.018519
15 0.093229 0.423611 0.019792 0.025000
15 0.252865 0.483333 0.023438 0.020370
15 0.772917 0.486574 0.010417 0.062037
15 0.793229 0.435648 0.026042 0.030556
15 0.850781 0.450926 0.022396 0.075926
15 0.822917 0.444444 0.020833 0.025926
15 0.872656 0.449074 0.025521 0.070370
15 0.887760 0.431019 0.023438 0.087963
15 0.902344 0.493981 0.023438 0.054630
15 0.924740 0.461111 0.032813 0.046296
15 0.861458 0.306481 0.026042 0.024074
15 0.888802 0.260648 0.010937 0.037963
16 0.182812 0.875463 0.364583 0.245370
16 0.041146 0.672222 0.071875 0.164815
16 0.223698 0.695833 0.119271 0.113889
16 0.385937 0.916667 0.035417 0.155556
16 0.425521 0.944907 0.025000 0.078704
16 0.765885 0.953704 0.457813 0.079630
16 0.797917 0.853241 0.396875 0.095370
16 0.808333 0.732407 0.358333 0.116667
16 0.846615 0.626852 0.296354 0.081481
16 0.864583 0.558796 0.238542 0.052778
16 0.975000 0.485185 0.021875 0.050000
16 0.947135 0.484259 0.010937 0.035185
16 0.607812 0.565741 0.030208 0.038889
16 0.577604 0.495370 0.026042 0.022222
16 0.120833 0.668056 0.059375 0.187963
16 0.678646 0.613889 0.030208 0.061111
16 0.376302 0.292593 0.042188 0.118519
16 0.427604 0.281481 0.018750 0.048148
16 0.815104 0.089352 0.021875 0.154630
16 0.775260 0.203241 0.029687 0.063889
16 0.714063 0.325926 0.031250 0.046296
16 0.583073 0.543519 0.015104 0.038889
16 0.808594 0.272685 0.099479 0.021296
16 0.875260 0.357407 0.053646 0.024074
16 0.145573 0.122685 0.022396 0.043519
16 0.125781 0.179630 0.017188 0.061111
16 0.185156 0.190278 0.020313 0.050926
16 0.038802 0.063889 0.036979 0.037037
16 0.010156 0.284259 0.017188 0.055556
16 0.024479 0.262963 0.013542 0.046296
16 0.045312 0.358333 0.020833 0.040741
16 0.404427 0.483333 0.011979 0.068519
16 0.376823 0.289352 0.035937 0.099074
16 0.471094 0.253704 0.008854 0.037037
16 0.242708 0.375000 0.028125 0.059259
16 0.244010 0.298148 0.016146 0.059259
16 0.460417 0.923148 0.021875 0.035185
18 0.644792 0.120370 0.156250 0.211111
18 0.772656 0.083796 0.067187 0.147222
18 0.238542 0.050926 0.123958 0.098148
18 0.431771 0.065278 0.220833 0.123148
18 0.104167 0.042130 0.088542 0.082407
18 0.241406 0.183333 0.094271 0.131481
18 0.642188 0.341667 0.097917 0.170370
18 0.305469 0.357407 0.069271 0.157407
18 0.144792 0.290278 0.088542 0.136111
18 0.037240 0.432407 0.054688 0.077778
18 0.031250 0.517130 0.042708 0.058333
18 0.007292 0.043981 0.013542 0.037963
18 0.086979 0.160185 0.054167 0.079630
18 0.022656 0.181019 0.031771 0.086111
18 0.071615 0.284722 0.035937 0.102778
18 0.127604 0.292130 0.105208 0.093519
18 0.148438 0.218056 0.023958 0.054630
18 0.256250 0.576852 0.076042 0.101852
18 0.185417 0.571296 0.053125 0.081481
18 0.311719 0.528241 0.024479 0.065741
18 0.312500 0.695833 0.032292 0.091667
18 0.355990 0.479167 0.047396 0.071296
18 0.449740 0.616667 0.132812 0.131481
18 0.516146 0.780556 0.163542 0.138889
18 0.490625 0.940278 0.033333 0.075000
18 0.535417 0.368981 0.095833 0.215741
18 0.460938 0.387037 0.051042 0.114815
18 0.364844 0.473148 0.031771 0.061111
18 0.484635 0.519444 0.043229 0.053704
18 0.383333 0.181019 0.109375 0.067593
18 0.536719 0.211574 0.075521 0.095370
18 0.974479 0.060648 0.051042 0.093519
18 0.903125 0.148611 0.046875 0.084259
17 0.953906 0.141204 0.017188 0.050926
17 0.858333 0.212963 0.014583 0.025926
18 0.968750 0.316204 0.044792 0.043519
18 0.910417 0.307870 0.021875 0.052778
18 0.933073 0.376389 0.029687 0.039815
18 0.979948 0.382407 0.020313 0.061111
18 0.640625 0.499537 0.045833 0.075000
18 0.708594 0.527778 0.049479 0.079630
18 0.742708 0.430093 0.045833 0.080556
18 0.769271 0.349537 0.044792 0.069444
18 0.816406 0.225000 0.015104 0.029630
18 0.825000 0.331019 0.017708 0.060185
