15 0.186198 0.523611 0.042188 0.193519
15 0.114844 0.443519 0.029687 0.061111
15 0.068490 0.398148 0.013021 0.031481
15 0.289062 0.461574 0.027083 0.052778
15 0.149219 0.491667 0.015104 0.042593
15 0.221094 0.447222 0.015104 0.024074
15 0.259635 0.530556 0.015104 0.035185
15 0.282552 0.509259 0.016146 0.024074
15 0.458073 0.804630 0.049479 0.090741
15 0.897135 0.475000 0.029687 0.088889
15 0.931771 0.477315 0.032292 0.136111
15 0.959896 0.480556 0.025000 0.059259
15 0.527344 0.282407 0.013021 0.033333
16 0.214323 0.896296 0.415104 0.201852
16 0.036719 0.690278 0.063021 0.213889
16 0.097135 0.733333 0.042188 0.111111
16 0.230469 0.727315 0.102604 0.143519
16 0.300000 0.743981 0.031250 0.091667
16 0.394010 0.777315 0.016146 0.017593
16 0.440885 0.925926 0.024479 0.129630
16 0.620833 0.964815 0.047917 0.053704
16 0.858594 0.919444 0.270313 0.138889
16 0.866406 0.752315 0.261979 0.191667
16 0.917448 0.610185 0.157812 0.092593
16 0.769010 0.636111 0.020313 0.044444
16 0.670573 0.529630 0.010937 0.020370
16 0.388021 0.175000 0.018750 0.048148
16 0.966406 0.024537 0.007812 0.032407
16 0.977344 0.548148 0.031771 0.044444
17 0.117188 0.648611 0.033333 0.054630
17 0.150000 0.743981 0.045833 0.097222
17 0.427604 0.310185 0.026042 0.070370
17 0.165625 0.197222 0.031250 0.061111
17 0.060937 0.066204 0.017708 0.060185
17 0.013802 0.290741 0.007812 0.059259
17 0.033594 0.276852 0.015104 0.048148
17 0.292708 0.395833 0.032292 0.058333
17 0.484115 0.338426 0.015104 0.119444
17 0.393490 0.559259 0.020313 0.031481
17 0.458333 0.521759 0.023958 0.119444
17 0.408333 0.704630 0.042708 0.048148
17 0.542188 0.543519 0.016667 0.031481
17 0.555729 0.498611 0.012500 0.019444
17 0.582552 0.340278 0.010937 0.028704
17 0.614062 0.627778 0.050000 0.048148
17 0.665365 0.568056 0.035937 0.043519
17 0.505469 0.970370 0.023438 0.033333
17 0.751042 0.448148 0.028125 0.033333
17 0.829427 0.334259 0.018229 0.038889
17 0.941406 0.294444 0.094271 0.038889
17 0.896875 0.217593 0.044792 0.044444
17 0.932031 0.172222 0.033854 0.042593
17 0.972396 0.125463 0.034375 0.054630
17 0.214844 0.176852 0.042188 0.068519
17 0.296094 0.315278 0.025521 0.032407
17 0.455208 0.521296 0.019792 0.083333
17 0.415104 0.713426 0.016667 0.036111
18 0.532813 0.665278 0.087500 0.156481
18 0.617969 0.838889 0.168229 0.168519
18 0.487240 0.914815 0.055729 0.077778
18 0.334115 0.067130 0.178646 0.110185
18 0.498698 0.050926 0.133854 0.100000
18 0.743490 0.086574 0.264062 0.167593
18 0.753385 0.243056 0.224479 0.121296
18 0.760417 0.371296 0.118750 0.105556
18 0.639323 0.414815 0.085938 0.168519
18 0.864323 0.395833 0.049479 0.065741
18 0.834635 0.488426 0.061979 0.078704
18 0.753125 0.543519 0.071875 0.092593
18 0.655208 0.703704 0.104167 0.090741
18 0.321354 0.604167 0.057292 0.099074
18 0.239063 0.560185 0.033333 0.098148
18 0.044271 0.455556 0.068750 0.066667
18 0.057292 0.543519 0.046875 0.038889
18 0.177604 0.302315 0.107292 0.095370
18 0.360938 0.383796 0.066667 0.150926
18 0.435937 0.396759 0.051042 0.067593
18 0.539062 0.394907 0.063542 0.125000
18 0.401562 0.506944 0.040625 0.050926
18 0.589323 0.064352 0.029687 0.099074
18 0.677604 0.244444 0.071875 0.090741
18 0.598698 0.234722 0.073438 0.108333
18 0.458594 0.204630 0.073438 0.103704
18 0.539583 0.390278 0.073958 0.104630
18 0.332813 0.211111 0.071875 0.127778
18 0.265625 0.215741 0.050000 0.103704
18 0.160417 0.247222 0.069792 0.027778
18 0.084115 0.312037 0.060937 0.088889
18 0.065365 0.224537 0.085938 0.099074
18 0.157031 0.048611 0.113021 0.089815
18 0.019792 0.035185 0.038542 0.068519
18 0.031771 0.218981 0.047917 0.039815
