15 0.201823 0.498611 0.046354 0.089815
15 0.220312 0.600926 0.031250 0.074074
15 0.119010 0.444444 0.035937 0.074074
15 0.070312 0.405556 0.022917 0.037037
15 0.007812 0.343981 0.014583 0.067593
15 0.305990 0.488426 0.023438 0.093519
15 0.238021 0.467593 0.018750 0.037037
15 0.445312 0.336574 0.017708 0.062037
15 0.485156 0.833796 0.059896 0.086111
15 0.945312 0.498148 0.021875 0.116667
15 0.972396 0.490741 0.030208 0.070370
16 0.223958 0.897222 0.435417 0.205556
16 0.047396 0.699074 0.084375 0.190741
16 0.262500 0.732870 0.142708 0.123148
16 0.111198 0.751852 0.028646 0.085185
16 0.878646 0.757407 0.194792 0.153704
16 0.889844 0.918056 0.209896 0.136111
16 0.935937 0.636574 0.108333 0.097222
16 0.976042 0.549074 0.017708 0.050000
16 0.734375 0.607407 0.027083 0.035185
16 0.168750 0.638426 0.032292 0.052778
16 0.418229 0.188889 0.019792 0.061111
16 0.748177 0.476389 0.017188 0.023148
17 0.126823 0.664815 0.034896 0.061111
17 0.159635 0.750463 0.043229 0.087963
17 0.022396 0.287037 0.025000 0.042593
17 0.076563 0.075000 0.015625 0.055556
17 0.175260 0.212963 0.023438 0.079630
17 0.226823 0.177778 0.035937 0.092593
17 0.320833 0.410185 0.029167 0.050000
17 0.138021 0.384722 0.019792 0.026852
17 0.077083 0.362963 0.014583 0.018519
17 0.465365 0.345370 0.019271 0.061111
17 0.481250 0.537963 0.019792 0.094444
17 0.414583 0.573611 0.017708 0.028704
17 0.454948 0.686574 0.021354 0.043519
17 0.446094 0.734259 0.019271 0.027778
17 0.478906 0.777778 0.020313 0.046296
17 0.529167 0.891667 0.009375 0.114815
17 0.573958 0.550926 0.026042 0.081481
17 0.625260 0.366667 0.024479 0.046296
17 0.516146 0.318981 0.009375 0.062037
17 0.666667 0.638426 0.043750 0.052778
17 0.803906 0.463426 0.020313 0.047222
17 0.707812 0.583796 0.040625 0.039815
17 0.883073 0.341667 0.029687 0.046296
17 0.962760 0.242593 0.042188 0.062963
17 0.975521 0.322222 0.043750 0.033333
17 0.666927 0.176389 0.008854 0.025000
17 0.290365 0.140278 0.015104 0.034259
18 0.565104 0.715741 0.122917 0.175926
18 0.697917 0.842130 0.135417 0.310185
18 0.629427 0.906019 0.080729 0.156481
18 0.385677 0.399074 0.074479 0.164815
18 0.249479 0.345833 0.075000 0.099074
18 0.065625 0.458796 0.070833 0.073148
18 0.066406 0.550463 0.075521 0.097222
18 0.302604 0.580093 0.111458 0.086111
18 0.329427 0.658333 0.107813 0.031481
18 0.169531 0.047222 0.118229 0.092593
18 0.366667 0.058796 0.193750 0.115741
18 0.583854 0.063426 0.235417 0.125000
18 0.830208 0.115741 0.214583 0.211111
18 0.974219 0.091204 0.041146 0.154630
18 0.772396 0.318981 0.150000 0.180556
18 0.640104 0.253241 0.071875 0.132407
18 0.674219 0.421296 0.048438 0.177778
18 0.722656 0.477315 0.030729 0.097222
18 0.796875 0.580556 0.045833 0.070370
18 0.893229 0.515278 0.059375 0.084259
18 0.929688 0.394907 0.029167 0.054630
18 0.627344 0.544907 0.060937 0.099074
18 0.557031 0.420370 0.108854 0.114815
18 0.253125 0.078241 0.027083 0.123148
18 0.133594 0.161111 0.070312 0.100000
18 0.049219 0.183333 0.065104 0.138889
18 0.128646 0.288426 0.040625 0.132407
18 0.226042 0.343056 0.102083 0.097222
18 0.097135 0.312500 0.064062 0.075000
18 0.020833 0.438426 0.018750 0.041667
18 0.563802 0.421296 0.090104 0.098148
18 0.551042 0.366204 0.032292 0.054630
18 0.486458 0.215741 0.094792 0.092593
18 0.426563 0.525463 0.039583 0.075000
18 0.381510 0.735185 0.030729 0.061111
18 0.430990 0.645833 0.021354 0.054630
18 0.490365 0.681481 0.022396 0.125926
18 0.421354 0.529167 0.067708 0.054630
18 0.526042 0.575463 0.044792 0.054630
18 0.585156 0.238426 0.030729 0.102778
18 0.294271 0.220833 0.044792 0.102778
18 0.364063 0.207407 0.072917 0.144444
18 0.223177 0.266667 0.055729 0.046296
18 0.017708 0.042130 0.034375 0.082407
