15 0.135937 0.456944 0.020833 0.073148
15 0.089844 0.426852 0.022396 0.035185
15 0.238542 0.568519 0.052083 0.183333
15 0.189323 0.541667 0.010937 0.088889
15 0.079687 0.413889 0.007292 0.009259
15 0.047656 0.477315 0.017188 0.036111
15 0.006250 0.406019 0.007292 0.032407
15 0.010937 0.346296 0.013542 0.024074
15 0.025260 0.390278 0.009896 0.025000
15 0.045573 0.362963 0.008854 0.031481
15 0.334896 0.486111 0.032292 0.061111
15 0.328385 0.545370 0.030729 0.035185
15 0.531771 0.868981 0.060417 0.121296
15 0.480208 0.375000 0.021875 0.027778
16 0.236458 0.899537 0.462500 0.200926
16 0.050000 0.698148 0.082292 0.185185
16 0.271354 0.740741 0.167708 0.125926
16 0.113021 0.751852 0.032292 0.090741
16 0.920312 0.771759 0.136458 0.182407
16 0.945312 0.934722 0.096875 0.108333
16 0.794792 0.646296 0.033333 0.055556
17 0.143490 0.716667 0.033854 0.087037
17 0.170833 0.802778 0.035417 0.085185
17 0.495052 0.731944 0.027604 0.082407
17 0.465365 0.758333 0.040104 0.059259
17 0.622135 0.589815 0.014063 0.111111
17 0.728906 0.651852 0.048438 0.035185
17 0.254427 0.193056 0.042188 0.093519
17 0.207292 0.231481 0.027083 0.085185
17 0.194531 0.236111 0.028646 0.081481
17 0.094271 0.092593 0.019792 0.033333
17 0.035677 0.300463 0.021354 0.086111
17 0.282292 0.219444 0.020833 0.038889
17 0.500521 0.340741 0.028125 0.109259
17 0.563021 0.337037 0.012500 0.081481
17 0.681510 0.380556 0.023438 0.035185
17 0.736458 0.190741 0.020833 0.038889
17 0.522396 0.565741 0.030208 0.133333
17 0.498177 0.724074 0.008854 0.092593
17 0.983854 0.371296 0.027083 0.057407
17 0.871615 0.500000 0.030729 0.035185
18 0.743229 0.862037 0.235417 0.262963
18 0.701562 0.557407 0.080208 0.127778
18 0.877604 0.145833 0.222917 0.289815
18 0.857292 0.382870 0.173958 0.167593
18 0.774740 0.451852 0.066146 0.135185
18 0.877083 0.598148 0.093750 0.138889
18 0.570052 0.738889 0.082812 0.107407
18 0.399219 0.642130 0.080729 0.108333
18 0.423177 0.424074 0.081771 0.172222
18 0.509896 0.073148 0.166667 0.144444
18 0.683333 0.071296 0.130208 0.140741
18 0.352865 0.061574 0.083854 0.121296
18 0.205469 0.062500 0.143229 0.121296
18 0.050781 0.040741 0.100521 0.044444
18 0.066146 0.229167 0.044792 0.063889
18 0.031771 0.118056 0.028125 0.056481
18 0.019792 0.240278 0.013542 0.125000
18 0.121615 0.223148 0.042188 0.077778
18 0.129167 0.347685 0.066667 0.100926
18 0.203125 0.339352 0.047917 0.121296
18 0.300260 0.369907 0.064062 0.091667
18 0.397917 0.232407 0.092708 0.140741
18 0.317708 0.251852 0.030208 0.103704
18 0.258854 0.300000 0.038542 0.075926
18 0.092708 0.568519 0.063542 0.059259
18 0.096094 0.488889 0.047396 0.057407
18 0.405729 0.639815 0.044792 0.081481
18 0.308594 0.616667 0.050521 0.101852
18 0.300521 0.522685 0.027083 0.073148
18 0.442188 0.543519 0.083333 0.035185
18 0.659375 0.671296 0.053125 0.070370
18 0.976302 0.555556 0.042188 0.094444
18 0.741406 0.281019 0.043229 0.100926
18 0.717708 0.442593 0.031250 0.105556
18 0.505729 0.236111 0.045833 0.085185
18 0.611198 0.439815 0.073438 0.118519
18 0.550781 0.470833 0.040104 0.084259
18 0.629427 0.256481 0.043229 0.103704
18 0.552604 0.212037 0.028125 0.103704
