15 0.233594 0.548148 0.042188 0.127778
15 0.265885 0.649537 0.036979 0.058333
15 0.151042 0.478241 0.028125 0.076852
15 0.104427 0.450926 0.020313 0.038889
15 0.008333 0.432407 0.015625 0.042593
15 0.023438 0.359259 0.006250 0.020370
15 0.050521 0.383796 0.006250 0.023148
15 0.066667 0.510648 0.020833 0.039815
15 0.111719 0.583796 0.015104 0.028704
15 0.281771 0.503241 0.022917 0.050926
15 0.201563 0.562037 0.026042 0.077778
15 0.364844 0.527315 0.031771 0.112037
15 0.313542 0.476389 0.006250 0.025000
15 0.334635 0.571296 0.008854 0.024074
15 0.557813 0.932407 0.047917 0.077778
15 0.593750 0.884259 0.043750 0.090741
15 0.749479 0.435185 0.019792 0.048148
15 0.902344 0.488426 0.018229 0.039815
15 0.518490 0.393056 0.017188 0.050926
15 0.429427 0.597222 0.027604 0.046296
16 0.060417 0.824074 0.112500 0.348148
16 0.275000 0.920370 0.301042 0.140741
16 0.258854 0.779630 0.088542 0.140741
16 0.362240 0.812500 0.092188 0.100926
16 0.199219 0.688889 0.033854 0.061111
16 0.131250 0.775926 0.018750 0.138889
16 0.482552 0.932870 0.083854 0.125000
16 0.691927 0.615741 0.013021 0.048148
16 0.864583 0.667130 0.050000 0.052778
16 0.731510 0.082870 0.030729 0.052778
16 0.952604 0.738889 0.069792 0.081481
16 0.976302 0.853241 0.044271 0.112037
16 0.710156 0.173148 0.018229 0.025926
16 0.685937 0.231944 0.017708 0.028704
16 0.684375 0.364815 0.006250 0.038889
16 0.716406 0.255556 0.018229 0.055556
16 0.559115 0.047685 0.021354 0.036111
16 0.037500 0.093519 0.012500 0.025926
16 0.531510 0.509722 0.014063 0.028704
17 0.158594 0.724074 0.029687 0.107407
17 0.179688 0.821296 0.053125 0.061111
17 0.527083 0.768519 0.025000 0.105556
17 0.560417 0.850000 0.026042 0.044444
17 0.671354 0.604630 0.012500 0.151852
17 0.540885 0.366667 0.056771 0.116667
17 0.273698 0.217130 0.026562 0.087963
17 0.302083 0.219907 0.040625 0.087963
17 0.211979 0.247685 0.033333 0.075000
17 0.109375 0.111111 0.030208 0.070370
17 0.041146 0.310185 0.029167 0.066667
17 0.067448 0.316204 0.015104 0.065741
17 0.033333 0.508333 0.031250 0.031481
17 0.563281 0.583333 0.019271 0.114815
17 0.380208 0.371759 0.018750 0.036111
17 0.383333 0.450926 0.030208 0.061111
17 0.351042 0.163426 0.017708 0.032407
17 0.803906 0.174537 0.031771 0.060185
17 0.958854 0.512963 0.022917 0.038889
17 0.793229 0.672685 0.031250 0.060185
17 0.603646 0.343056 0.026042 0.078704
18 0.382031 0.069907 0.074479 0.123148
18 0.517188 0.088889 0.123958 0.161111
18 0.633333 0.073148 0.072917 0.125926
18 0.874479 0.062037 0.237500 0.122222
18 0.913021 0.253704 0.158333 0.235185
18 0.772917 0.296759 0.073958 0.128704
18 0.960156 0.434722 0.072396 0.089815
18 0.829167 0.490278 0.105208 0.158333
18 0.944531 0.619907 0.090104 0.125000
18 0.741146 0.581944 0.068750 0.143519
18 0.709115 0.796296 0.138021 0.205556
18 0.848177 0.854630 0.120313 0.274074
18 0.929948 0.903241 0.042188 0.178704
18 0.599740 0.748611 0.075521 0.145370
18 0.386458 0.683796 0.147917 0.121296
18 0.445312 0.800463 0.059375 0.082407
18 0.469010 0.405556 0.096354 0.135185
18 0.487500 0.530556 0.064583 0.092593
18 0.427083 0.239352 0.071875 0.149074
18 0.255208 0.061574 0.110417 0.121296
18 0.033333 0.033333 0.053125 0.055556
18 0.036979 0.138426 0.020833 0.076852
18 0.053906 0.236111 0.094271 0.072222
18 0.015104 0.308796 0.025000 0.041667
18 0.131771 0.365741 0.084375 0.081481
18 0.112500 0.511111 0.029167 0.057407
18 0.106771 0.629630 0.054167 0.048148
18 0.154948 0.549074 0.042188 0.046296
18 0.268750 0.310185 0.070833 0.070370
18 0.324219 0.393981 0.088021 0.099074
18 0.220052 0.376389 0.035937 0.097222
18 0.140365 0.254630 0.054688 0.088889
18 0.060156 0.240278 0.035937 0.028704
18 0.361198 0.255556 0.047396 0.116667
18 0.660417 0.265741 0.033333 0.101852
18 0.710677 0.032870 0.076563 0.063889
18 0.615625 0.466667 0.064583 0.131481
18 0.696094 0.468519 0.067187 0.114815
18 0.836198 0.497222 0.074479 0.133333
18 0.525521 0.237963 0.087500 0.116667
18 0.592708 0.249537 0.032292 0.060185
18 0.127344 0.047222 0.085938 0.070370
18 0.155208 0.161111 0.062500 0.075926
