15 0.273177 0.553241 0.052604 0.147222
15 0.166406 0.458796 0.029687 0.089815
15 0.113802 0.418981 0.021354 0.041667
15 0.012240 0.394907 0.021354 0.041667
15 0.028646 0.338426 0.017708 0.030556
15 0.045573 0.353241 0.016146 0.019444
15 0.224740 0.556944 0.027604 0.087963
15 0.133594 0.573611 0.018229 0.037963
15 0.078906 0.499074 0.035937 0.022222
15 0.348698 0.474074 0.015104 0.033333
15 0.398438 0.525000 0.032292 0.103704
15 0.474479 0.581944 0.028125 0.041667
15 0.656510 0.942130 0.067187 0.110185
15 0.621615 0.763889 0.019271 0.044444
16 0.062760 0.806019 0.115104 0.387963
16 0.145052 0.852315 0.042188 0.260185
16 0.318750 0.922685 0.297917 0.143519
16 0.290625 0.775463 0.118750 0.158333
16 0.416927 0.823148 0.064062 0.044444
16 0.490885 0.952778 0.028646 0.094444
16 0.566406 0.961111 0.078646 0.068519
16 0.012760 0.473611 0.015104 0.063889
16 0.766146 0.458796 0.011458 0.069444
16 0.563021 0.357407 0.019792 0.046296
16 0.922135 0.013426 0.030729 0.019444
16 0.772396 0.334722 0.008333 0.054630
16 0.835938 0.028241 0.033333 0.039815
16 0.828125 0.237963 0.013542 0.037037
16 0.830729 0.317593 0.013542 0.042593
16 0.973437 0.727315 0.039583 0.041667
17 0.202865 0.800926 0.050521 0.151852
17 0.308333 0.174537 0.036458 0.102778
17 0.348177 0.198611 0.033854 0.063889
17 0.612240 0.357407 0.030729 0.081481
17 0.582552 0.373611 0.014063 0.049074
17 0.432292 0.449537 0.020833 0.073148
17 0.454688 0.421296 0.031250 0.062963
17 0.074219 0.288889 0.028646 0.059259
17 0.048958 0.293519 0.026042 0.064815
17 0.116667 0.054167 0.019792 0.052778
17 0.166406 0.702315 0.040104 0.039815
17 0.575521 0.813426 0.044792 0.054630
17 0.596875 0.756944 0.025000 0.039815
17 0.536458 0.637500 0.026042 0.050926
17 0.632292 0.607870 0.031250 0.110185
17 0.628906 0.471759 0.020313 0.050926
17 0.673958 0.355093 0.026042 0.095370
17 0.775521 0.649537 0.027083 0.132407
17 0.736458 0.776389 0.031250 0.067593
17 0.726823 0.848611 0.029687 0.054630
17 0.955729 0.675926 0.088542 0.061111
17 0.869010 0.370833 0.055729 0.073148
17 0.947135 0.172222 0.038021 0.059259
17 0.220573 0.231481 0.021354 0.072222
17 0.241927 0.212037 0.024479 0.103704
17 0.780208 0.383796 0.012500 0.267593
17 0.799479 0.220833 0.011458 0.041667
18 0.461979 0.152315 0.117708 0.293519
18 0.601823 0.075000 0.131771 0.129630
18 0.743490 0.054167 0.093229 0.097222
18 0.946094 0.081944 0.101562 0.121296
18 0.587240 0.197685 0.107813 0.113889
18 0.351042 0.079167 0.096875 0.134259
18 0.250260 0.059259 0.075521 0.116667
18 0.181510 0.068056 0.054688 0.134259
18 0.069271 0.024537 0.051042 0.032407
18 0.060417 0.101852 0.061458 0.081481
18 0.015365 0.021759 0.017188 0.041667
18 0.071615 0.191667 0.068229 0.090741
18 0.014063 0.260648 0.027083 0.200926
18 0.146094 0.230556 0.055729 0.140741
18 0.141667 0.346296 0.079167 0.075926
18 0.249479 0.338889 0.071875 0.114815
18 0.315104 0.295370 0.069792 0.100000
18 0.372917 0.399074 0.076042 0.129630
18 0.068490 0.462037 0.051562 0.048148
18 0.130469 0.480556 0.044271 0.046296
18 0.172656 0.537963 0.065104 0.064815
18 0.113281 0.629630 0.061979 0.070370
18 0.068490 0.546759 0.054688 0.076852
18 0.353125 0.556019 0.040625 0.112037
18 0.372917 0.672222 0.043750 0.090741
18 0.465365 0.721296 0.094271 0.142593
18 0.504948 0.843981 0.061979 0.075000
18 0.526042 0.447685 0.069792 0.169444
18 0.468750 0.356481 0.044792 0.101852
18 0.194531 0.210648 0.021354 0.062037
18 0.380208 0.232870 0.026042 0.110185
18 0.700781 0.260185 0.036979 0.072222
18 0.751302 0.243981 0.041146 0.123148
18 0.732292 0.383333 0.053125 0.138889
18 0.704167 0.515278 0.072917 0.119444
18 0.710938 0.662500 0.046875 0.087963
18 0.877865 0.883333 0.244271 0.233333
18 0.902344 0.617593 0.107813 0.174074
18 0.826562 0.727315 0.065625 0.121296
18 0.889844 0.263426 0.075521 0.167593
18 0.967708 0.380556 0.057292 0.309259
18 0.900521 0.476389 0.054167 0.108333
18 0.834375 0.093056 0.060417 0.060185
16 0.807552 0.142593 0.024479 0.044444
16 0.752865 0.520370 0.015104 0.046296
18 0.819271 0.474537 0.067708 0.130556
18 0.658594 0.768519 0.044271 0.172222
18 0.719010 0.662500 0.055729 0.075000
18 0.579427 0.903241 0.040104 0.075000
18 0.574740 0.606481 0.068229 0.103704
18 0.563281 0.728704 0.049479 0.096296
18 0.717708 0.386574 0.036458 0.097222
