15 0.297396 0.581944 0.072917 0.204630
15 0.170573 0.456019 0.021354 0.075000
15 0.117708 0.426852 0.018750 0.044444
15 0.025000 0.331944 0.009375 0.034259
15 0.010156 0.390741 0.017188 0.033333
15 0.080990 0.499537 0.024479 0.030556
15 0.138542 0.581944 0.011458 0.032407
15 0.228385 0.522685 0.031771 0.037963
15 0.240885 0.574537 0.020313 0.069444
15 0.375521 0.474537 0.020833 0.037963
15 0.426042 0.543519 0.033333 0.096296
15 0.382812 0.608796 0.020833 0.054630
15 0.496875 0.610185 0.023958 0.048148
15 0.658333 0.795833 0.031250 0.054630
15 0.714844 0.959259 0.054688 0.077778
15 0.054948 0.346296 0.009896 0.029630
15 0.041146 0.377778 0.034375 0.022222
16 0.057292 0.801852 0.113542 0.379630
16 0.145313 0.864352 0.052083 0.254630
16 0.342448 0.930556 0.327604 0.138889
16 0.308333 0.789352 0.142708 0.156481
16 0.224740 0.698148 0.039062 0.048148
16 0.461979 0.834722 0.033333 0.062037
16 0.597917 0.962500 0.042708 0.062037
16 0.531510 0.963889 0.035937 0.059259
16 0.855208 0.696759 0.020833 0.050926
16 0.019531 0.463889 0.028646 0.079630
16 0.331250 0.426852 0.019792 0.053704
16 0.616927 0.351852 0.042188 0.051852
16 0.819271 0.574537 0.016667 0.030556
16 0.917708 0.610648 0.019792 0.025000
16 0.139583 0.707870 0.026042 0.037963
17 0.182552 0.713426 0.034896 0.065741
17 0.208594 0.802778 0.047396 0.090741
17 0.611458 0.844444 0.027083 0.064815
17 0.787760 0.874074 0.052604 0.096296
17 0.665365 0.926389 0.041146 0.076852
17 0.798698 0.805556 0.034896 0.127778
17 0.848698 0.631944 0.042188 0.062037
17 0.661719 0.369907 0.033854 0.097222
17 0.722396 0.376852 0.026042 0.077778
17 0.679948 0.623148 0.027604 0.114815
17 0.574219 0.650463 0.029687 0.067593
17 0.465885 0.472222 0.023438 0.068519
17 0.496354 0.425463 0.019792 0.067593
17 0.379427 0.174074 0.042188 0.107407
17 0.332552 0.156481 0.031771 0.135185
17 0.047396 0.282870 0.022917 0.075000
17 0.084896 0.286574 0.026042 0.073148
17 0.115625 0.027315 0.027083 0.026852
17 0.848958 0.419444 0.020833 0.196296
17 0.953906 0.378241 0.051562 0.071296
17 0.745573 0.191667 0.020313 0.037037
17 0.602604 0.055093 0.018750 0.102778
17 0.739323 0.018056 0.027604 0.032407
17 0.257552 0.204167 0.023438 0.087963
17 0.233594 0.223611 0.015104 0.084259
17 0.109635 0.383333 0.017188 0.024074
17 0.087760 0.413426 0.030729 0.049074
18 0.428646 0.713426 0.068750 0.097222
18 0.526042 0.734722 0.066667 0.121296
18 0.714063 0.792593 0.080208 0.188889
18 0.608073 0.748148 0.049479 0.105556
18 0.548438 0.880093 0.052083 0.108333
18 0.915625 0.868981 0.151042 0.258333
18 0.941667 0.671759 0.116667 0.141667
18 0.901823 0.480556 0.065104 0.135185
18 0.970573 0.257870 0.058854 0.143519
18 0.821875 0.231944 0.072917 0.134259
18 0.798698 0.412500 0.081771 0.102778
18 0.750000 0.516204 0.088542 0.108333
18 0.787760 0.624074 0.047396 0.064815
18 0.764323 0.655093 0.067187 0.082407
18 0.587240 0.472222 0.093229 0.164815
18 0.657031 0.606481 0.023438 0.064815
18 0.619792 0.633333 0.045833 0.116667
18 0.666406 0.056481 0.101562 0.105556
18 0.808073 0.039352 0.090104 0.075000
18 0.882552 0.066204 0.050521 0.121296
18 0.959375 0.058333 0.058333 0.057407
18 0.910417 0.278704 0.030208 0.137037
17 0.870833 0.270370 0.003125 0.140741
18 0.527604 0.161111 0.150000 0.307407
18 0.405469 0.046296 0.092188 0.079630
18 0.291927 0.040278 0.092188 0.078704
18 0.202865 0.106019 0.063021 0.195370
18 0.117448 0.147222 0.060937 0.070370
18 0.086719 0.080556 0.028646 0.025926
18 0.049740 0.078704 0.040104 0.083333
18 0.019271 0.171296 0.033333 0.118519
18 0.017188 0.284722 0.026042 0.060185
18 0.064323 0.212037 0.043229 0.042593
18 0.162240 0.257870 0.045312 0.136111
18 0.120052 0.269444 0.023438 0.129630
18 0.175781 0.360648 0.060937 0.065741
18 0.249479 0.337500 0.052083 0.108333
18 0.334635 0.284722 0.100521 0.099074
18 0.411458 0.403704 0.076042 0.120370
18 0.529167 0.349537 0.063542 0.075000
18 0.661198 0.213889 0.103646 0.161111
18 0.756250 0.264352 0.028125 0.054630
18 0.628906 0.923148 0.015104 0.044444
18 0.767969 0.914352 0.022396 0.052778
18 0.791146 0.684259 0.026042 0.048148
18 0.903125 0.488426 0.032292 0.100926
18 0.974479 0.526389 0.040625 0.106481
18 0.041667 0.584722 0.026042 0.041667
18 0.146615 0.641667 0.034896 0.042593
18 0.165625 0.545370 0.040625 0.048148
18 0.082812 0.568981 0.043750 0.054630
18 0.057292 0.459722 0.032292 0.039815
18 0.128385 0.493981 0.041146 0.045370
18 0.420052 0.797222 0.028646 0.061111
18 0.282031 0.444444 0.061979 0.074074
18 0.206250 0.438426 0.032292 0.086111
