15 0.316406 0.575000 0.083854 0.174074
15 0.177083 0.449537 0.040625 0.073148
15 0.122396 0.420370 0.028125 0.048148
15 0.006510 0.381481 0.011979 0.029630
15 0.026823 0.322222 0.014063 0.020370
15 0.056250 0.331481 0.014583 0.012963
15 0.037760 0.370370 0.009896 0.011111
15 0.243750 0.557407 0.033333 0.103704
15 0.139063 0.581944 0.019792 0.032407
15 0.443229 0.550000 0.027083 0.096296
15 0.399479 0.481019 0.032292 0.037963
15 0.322656 0.682407 0.049479 0.025926
15 0.528646 0.608796 0.030208 0.047222
15 0.755208 0.965278 0.052083 0.063889
15 0.703906 0.809259 0.033854 0.059259
15 0.890104 0.916667 0.040625 0.057407
16 0.058854 0.810185 0.104167 0.379630
16 0.146615 0.862037 0.056771 0.275926
16 0.325521 0.930556 0.279167 0.138889
16 0.326042 0.798148 0.175000 0.148148
16 0.246354 0.687037 0.033333 0.035185
16 0.019792 0.449074 0.031250 0.083333
16 0.103125 0.297685 0.005208 0.012037
16 0.382812 0.427778 0.016667 0.062963
16 0.352344 0.435185 0.015104 0.079630
16 0.945573 0.025463 0.016146 0.039815
16 0.886979 0.562500 0.027083 0.067593
15 0.932813 0.534259 0.019792 0.022222
16 0.981771 0.618981 0.018750 0.039815
16 0.647656 0.350463 0.042188 0.054630
17 0.209115 0.787037 0.053646 0.151852
17 0.481771 0.525000 0.026042 0.055556
17 0.497656 0.473148 0.020313 0.048148
17 0.523698 0.402778 0.017188 0.124074
17 0.355469 0.158796 0.035937 0.139815
17 0.400000 0.143981 0.033333 0.086111
17 0.424740 0.216204 0.008854 0.047222
17 0.483854 0.166667 0.021875 0.057407
17 0.711458 0.373611 0.022917 0.123148
17 0.732552 0.632407 0.013021 0.125926
17 0.663281 0.862963 0.028646 0.092593
17 0.713281 0.953241 0.032813 0.075000
17 0.854167 0.898611 0.040625 0.087963
17 0.880729 0.801389 0.048958 0.075000
17 0.894271 0.747222 0.034375 0.148148
17 0.920573 0.654630 0.047396 0.055556
17 0.906510 0.537963 0.017188 0.059259
17 0.917969 0.453241 0.015104 0.123148
17 0.935937 0.331944 0.011458 0.126852
17 0.276042 0.202315 0.028125 0.087963
17 0.252865 0.239352 0.016146 0.052778
17 0.188802 0.266204 0.019271 0.039815
17 0.113802 0.375000 0.016146 0.027778
17 0.075260 0.254167 0.026562 0.063889
17 0.123698 0.018056 0.023438 0.025000
17 0.088281 0.399074 0.019271 0.050000
17 0.054948 0.279167 0.022396 0.039815
18 0.458594 0.420370 0.105729 0.162963
18 0.072135 0.473148 0.049479 0.057407
18 0.130469 0.503704 0.039062 0.083333
18 0.038021 0.587500 0.028125 0.043519
18 0.160156 0.640741 0.061979 0.083333
18 0.117708 0.521759 0.038542 0.052778
18 0.200000 0.541667 0.057292 0.057407
18 0.055990 0.053241 0.044271 0.076852
18 0.125000 0.111574 0.058333 0.087963
18 0.032031 0.161574 0.063021 0.076852
18 0.020052 0.254630 0.020313 0.038889
18 0.279948 0.041204 0.152604 0.065741
18 0.212760 0.143056 0.068229 0.121296
18 0.135417 0.161111 0.059375 0.112963
18 0.150260 0.312037 0.051562 0.137037
18 0.355729 0.294444 0.122917 0.109259
18 0.256250 0.320370 0.053125 0.125926
18 0.277344 0.424537 0.055729 0.052778
18 0.488802 0.265741 0.096354 0.109259
18 0.509375 0.066204 0.159375 0.112037
18 0.388542 0.031019 0.057292 0.060185
18 0.621875 0.141667 0.070833 0.264815
17 0.669792 0.065278 0.021875 0.128704
18 0.552083 0.181944 0.089583 0.087963
18 0.577604 0.394907 0.076042 0.121296
18 0.626302 0.527315 0.099479 0.112037
18 0.663802 0.428241 0.069271 0.076852
18 0.542448 0.505093 0.042188 0.069444
18 0.567448 0.767593 0.073438 0.151852
18 0.455469 0.731019 0.079687 0.119444
18 0.472135 0.843519 0.030729 0.074074
18 0.519010 0.721296 0.035937 0.072222
18 0.389062 0.637037 0.038542 0.072222
18 0.395313 0.550463 0.043750 0.065741
18 0.665104 0.665741 0.071875 0.112963
18 0.774740 0.824537 0.066146 0.210185
18 0.640104 0.777315 0.050000 0.065741
18 0.816406 0.655093 0.106771 0.125000
18 0.847656 0.747222 0.043229 0.033333
18 0.956771 0.836574 0.078125 0.304630
18 0.848958 0.418056 0.105208 0.128704
18 0.819271 0.540278 0.088542 0.125000
18 0.968750 0.490278 0.062500 0.212037
18 0.739323 0.042130 0.117188 0.082407
18 0.722656 0.207407 0.110937 0.161111
18 0.876302 0.235185 0.120313 0.159259
18 0.757292 0.426389 0.045833 0.097222
18 0.693490 0.528704 0.092188 0.081481
18 0.857292 0.045370 0.059375 0.083333
18 0.939063 0.105093 0.081250 0.075000
18 0.827344 0.543056 0.054688 0.063889
18 0.589583 0.930093 0.078125 0.112037
16 0.513802 0.950463 0.076563 0.099074
