15 0.349479 0.617593 0.063542 0.148148
15 0.284896 0.632870 0.036458 0.067593
15 0.273177 0.579167 0.024479 0.026852
15 0.211719 0.496296 0.030729 0.055556
15 0.155990 0.471759 0.023438 0.032407
15 0.127865 0.560648 0.042188 0.041667
15 0.033854 0.435648 0.019792 0.036111
15 0.005990 0.332870 0.010937 0.025000
15 0.080208 0.389352 0.016667 0.017593
15 0.061458 0.377315 0.018750 0.032407
15 0.177344 0.637500 0.022396 0.037963
15 0.451042 0.520833 0.033333 0.054630
15 0.460938 0.673611 0.020833 0.058333
15 0.489063 0.618519 0.027083 0.053704
15 0.577604 0.655093 0.040625 0.054630
15 0.765625 0.844444 0.046875 0.050000
15 0.977083 0.973611 0.045833 0.052778
15 0.962500 0.565741 0.009375 0.057407
16 0.061719 0.837500 0.115104 0.319444
16 0.154167 0.871296 0.073958 0.244444
16 0.361719 0.952778 0.316146 0.094444
16 0.376302 0.825000 0.218229 0.170370
16 0.047917 0.508333 0.060417 0.087037
16 0.041667 0.579630 0.028125 0.024074
16 0.104948 0.467593 0.018229 0.027778
16 0.386979 0.482870 0.019792 0.039815
16 0.429427 0.473148 0.027604 0.040741
16 0.693490 0.403241 0.039062 0.054630
16 0.963021 0.632870 0.045833 0.067593
16 0.072135 0.060648 0.031771 0.021296
17 0.022656 0.624074 0.034896 0.116667
17 0.229687 0.827315 0.062500 0.143519
17 0.405729 0.212500 0.050000 0.145370
17 0.315885 0.264815 0.018229 0.087037
17 0.171094 0.093981 0.022396 0.052778
17 0.218229 0.092593 0.019792 0.148148
17 0.080469 0.318981 0.021354 0.065741
17 0.033333 0.331019 0.018750 0.032407
17 0.115625 0.323148 0.022917 0.074074
17 0.150521 0.403241 0.025000 0.076852
17 0.467187 0.228241 0.035417 0.087963
17 0.777865 0.455556 0.036979 0.105556
17 0.790104 0.689352 0.037500 0.100926
17 0.716927 0.917593 0.036979 0.094444
17 0.661198 0.710185 0.024479 0.046296
17 0.534896 0.582870 0.017708 0.052778
17 0.579167 0.726389 0.019792 0.039815
17 0.985156 0.714352 0.022396 0.108333
17 0.956771 0.855556 0.045833 0.072222
17 0.919792 0.956944 0.040625 0.086111
17 0.825000 0.419444 0.025000 0.055556
17 0.981250 0.555556 0.019792 0.187037
17 0.727604 0.077315 0.011458 0.147222
17 0.036458 0.047222 0.019792 0.044444
17 0.051042 0.445370 0.012500 0.037037
18 0.193750 0.575000 0.069792 0.081481
18 0.190365 0.696296 0.075521 0.092593
18 0.120573 0.524537 0.039062 0.037963
18 0.069271 0.645833 0.020833 0.032407
18 0.190625 0.571759 0.048958 0.075000
18 0.260417 0.699537 0.039583 0.028704
18 0.520573 0.794907 0.073438 0.132407
18 0.549479 0.915741 0.037500 0.044444
18 0.620833 0.848148 0.088542 0.172222
18 0.637240 0.968519 0.063021 0.035185
18 0.703646 0.549074 0.104167 0.144444
18 0.614062 0.443056 0.071875 0.130556
18 0.518490 0.468981 0.101562 0.158333
18 0.547135 0.295833 0.101562 0.125000
18 0.449740 0.346296 0.070312 0.087037
18 0.386458 0.362963 0.100000 0.150000
18 0.312240 0.385648 0.043229 0.112037
18 0.270833 0.420833 0.039583 0.108333
18 0.186198 0.375000 0.051562 0.085185
18 0.273698 0.187500 0.053646 0.197222
18 0.370052 0.069907 0.106771 0.123148
18 0.495833 0.056019 0.137500 0.110185
18 0.641406 0.063889 0.141146 0.125926
18 0.811198 0.078704 0.144271 0.137037
18 0.934896 0.067130 0.090625 0.132407
18 0.939583 0.288889 0.101042 0.174074
18 0.778385 0.260185 0.105729 0.170370
18 0.661719 0.263889 0.115104 0.198148
18 0.562500 0.181944 0.085417 0.097222
18 0.477083 0.179630 0.035417 0.070370
18 0.931771 0.441667 0.071875 0.105556
18 0.852344 0.494907 0.067187 0.087963
18 0.896875 0.644907 0.111458 0.193519
18 0.846354 0.881944 0.097917 0.200926
18 0.933854 0.780556 0.057292 0.085185
18 0.430990 0.692130 0.023438 0.089815
18 0.446615 0.596296 0.034896 0.061111
18 0.790885 0.586574 0.053646 0.069444
18 0.861979 0.315741 0.032292 0.077778
18 0.458073 0.344444 0.036979 0.103704
18 0.357812 0.233333 0.045833 0.103704
18 0.255208 0.037963 0.033333 0.046296
18 0.220573 0.289352 0.053646 0.054630
18 0.170573 0.196296 0.043229 0.072222
18 0.171875 0.282870 0.028125 0.075000
18 0.126302 0.184259 0.033854 0.088889
18 0.101823 0.119444 0.027604 0.055556
18 0.091146 0.208333 0.065625 0.124074
18 0.056510 0.223611 0.035937 0.087963
18 0.020833 0.264815 0.031250 0.072222
18 0.026823 0.159722 0.041146 0.084259
18 0.010937 0.041667 0.020833 0.081481
18 0.137760 0.015741 0.074479 0.029630
18 0.344271 0.504630 0.056250 0.059259
17 0.880208 0.234722 0.004167 0.084259
